0.00137174 0.00726355180299976
0.000177778 0.00258283304899898
4.6277e-05 0.000244675180999465
7.58904e-06 4.08350060006057e-05
2.19479e-06 1.23187910006095e-05
1.33034e-06 2.98460900083342e-06
8.52596e-07 4.98450300057129e-06
5.71321e-07 1.39654800079825e-06
3.97051e-07 2.4078269991179e-06
2.84444e-07 6.80235000771745e-07
2.1256e-07 1.58505999436898e-07
2.09075e-07 1.31022700067263e-06
2.05676e-07 1.5601199976345e-07
1.57096e-07 3.50907001234191e-07
1.20312e-07 7.76673999780542e-07
9.49665e-08 6.2237999642889e-08
9.36918e-08 1.8881099883572e-07
9.24426e-08 5.81760009055188e-08
7.40432e-08 4.9101999977097e-07
