#  N    Kx    Ky    lambda
4 0 0 0.0027759182175097
4 0 0 0.0027759180319576
4 0 0 0.0027759179532444
4 0 0 0.0027759179150804
4 0 0 0.0027395298475748
4 0 0 0.0027395297258101
4 0 0 0.002739529673551
4 0 0 0.002739529604199
4 0 0 0.0023716994790438
4 0 0 0.002371699442395
4 0 0 0.0023716993637148
4 0 0 0.0023716993147099
4 0 0 0.0020025195145658
4 0 0 0.0020025194814024
4 0 0 0.0020025194171052
4 0 0 0.0020025193561781
4 0 0 0.0016970441146762
4 0 0 0.0016970440859277
4 0 0 0.0016970440353688
4 0 0 0.0016970440117356
4 0 0 0.0015954809620848
4 0 0 0.0015954809083276
4 0 0 0.0015954808862266
4 0 0 0.0015954808588959
4 0 0 0.0015156431156772
4 0 0 0.0015156430768261
4 0 0 0.0015156430568393
4 0 0 0.0015156430255118
4 0 0 0.0015050083513522
4 0 0 0.0015050083262331
4 0 0 0.0015050082581452
4 0 0 0.0015050082315
4 0 0 0.001333271539842
4 0 0 0.001333271532043
4 0 0 0.0013332714947966
4 0 0 0.0013332714633188
4 0 0 0.0010399737085113
4 0 0 0.001039973675078
4 0 0 0.0010399736455
4 0 0 0.0010399736198965
4 0 0 0.00088731177605207
4 0 0 0.00088731176037641
4 0 0 0.00088731173740649
4 0 0 0.00088731171852682
4 0 0 0.00076008856863857
4 0 0 0.00076008854354635
4 0 0 0.00076008851627512
4 0 0 0.00076008850529571
4 0 0 3.6342362177612e-11
4 0 0 3.6339403813998e-11
4 0 0 3.6336847116152e-11
4 0 0 3.6336508105288e-11
4 0 0 1.9822182065359e-11
4 0 0 1.9821167908237e-11
4 0 0 1.9819672521567e-11
4 0 0 1.9817912514145e-11
4 0 0 1.7969572963396e-11
4 0 0 1.7967330344224e-11
4 0 0 1.7966136235699e-11
4 0 0 1.7965295898912e-11
4 0 0 1.7555624136222e-11
4 0 0 1.7552825168708e-11
4 0 0 1.7550596156084e-11
4 0 0 1.7546942989462e-11
4 0 0 7.8902556403849e-12
4 0 0 7.889369733213e-12
4 0 0 7.8887411239337e-12
4 0 0 7.887329485514e-12
4 0 0 6.7554138425158e-12
4 0 0 6.7549867497835e-12
4 0 0 6.754017140949e-12
4 0 0 6.7530930515933e-12
4 0 0 6.0528336349636e-12
4 0 0 6.0513987410439e-12
4 0 0 6.0507407261162e-12
4 0 0 6.0490078350161e-12
4 0 0 5.4672995499591e-12
4 0 0 5.4664597435105e-12
4 0 0 5.4655191784231e-12
4 0 0 5.4644051558961e-12
4 0 0 5.4196059252159e-12
4 0 0 5.4193940510205e-12
4 0 0 5.4184733943698e-12
4 0 0 5.4175410426393e-12
4 0 0 4.5307805758697e-12
4 0 0 4.5305824806973e-12
4 0 0 4.5301830822206e-12
4 0 0 4.5298334685714e-12
4 0 0 3.7297165821953e-12
4 0 0 3.7291973840124e-12
4 0 0 3.7285681655472e-12
4 0 0 3.7277620372998e-12
4 0 0 3.2916930635062e-12
4 0 0 3.2915224510181e-12
4 0 0 3.2910461800981e-12
4 0 0 3.2905886948621e-12
4 0 0 3.0977428183937e-12
4 0 0 3.0967813844366e-12
4 0 0 3.096496776888e-12
4 0 0 3.094745092746e-12
4 0 0 2.5592125763137e-12
4 0 0 2.5590327010095e-12
4 0 0 2.5588033008377e-12
4 0 0 2.5583121272485e-12
4 0 0 1.7886287737806e-12
4 0 0 1.7883849472318e-12
4 0 0 1.7879165657152e-12
4 0 0 1.7875631043473e-12
4 0 0 1.7661729036051e-12
4 0 0 1.7657534955273e-12
4 0 0 1.7655588635338e-12
4 0 0 1.7653892950669e-12
4 0 0 1.6581085714624e-12
4 0 0 1.6578415180934e-12
4 0 0 1.6572806204354e-12
4 0 0 1.6571888923959e-12
4 0 0 1.5645091561963e-12
4 0 0 1.5643818377999e-12
4 0 0 1.5642084208752e-12
4 0 0 1.5640591669601e-12
4 0 0 1.2149778209143e-12
4 0 0 1.2145477366501e-12
4 0 0 1.2145115603066e-12
4 0 0 1.2142410489231e-12
4 0 0 6.5779784638743e-13
4 0 0 6.5763270346625e-13
4 0 0 6.5752306236838e-13
4 0 0 6.5721519114574e-13
4 0 0 6.4526808697046e-13
4 0 0 6.4505954225807e-13
4 0 0 6.4487922990747e-13
4 0 0 6.4470386171023e-13
4 0 0 5.1553861405604e-13
4 0 0 5.1542936991574e-13
4 0 0 5.1526623469713e-13
4 0 0 5.1523301426596e-13
4 0 0 4.4666206022144e-13
4 0 0 4.4657613254651e-13
4 0 0 4.4639783119948e-13
4 0 0 4.461853867828e-13
4 0 0 4.2740253760854e-13
4 0 0 4.2713328429023e-13
4 0 0 4.269887273537e-13
4 0 0 4.2676437134322e-13
4 0 0 3.3538767708927e-13
4 0 0 3.3525489972359e-13
4 0 0 3.3518622219881e-13
4 0 0 3.3502313759216e-13
4 0 0 2.4003111856698e-13
4 0 0 2.397908755175e-13
4 0 0 2.3968349585378e-13
4 0 0 2.3965030870525e-13
4 0 0 1.2624078685541e-13
4 0 0 1.2620271187799e-13
4 0 0 1.26181553206e-13
4 0 0 1.2613964239427e-13
4 0 0 6.1871395873916e-14
4 0 0 6.1820927439495e-14
4 0 0 6.179229918295e-14
4 0 0 6.1762679745359e-14
4 0 0 5.7295497028271e-14
4 0 0 5.7253227913011e-14
4 0 0 5.7231790972859e-14
4 0 0 5.7217534429275e-14
4 0 0 1.9186237972474e-14
4 0 0 1.9153287534154e-14
4 0 0 1.9088687131067e-14
4 0 0 1.906028871893e-14
4 0 0 1.0106364480627e-14
4 0 0 1.0089272710499e-14
4 0 0 1.0070242157175e-14
4 0 0 1.0059750306731e-14
4 0 0 8.9711287317838e-15
4 0 0 8.9446836381968e-15
4 0 0 8.9363312150836e-15
4 0 0 8.9274985488064e-15
4 0 0 6.2604393191329e-15
4 0 0 6.253523173989e-15
4 0 0 6.2473700871869e-15
4 0 0 6.2242151039609e-15
4 0 0 1.979385311085e-15
4 0 0 1.9727835237978e-15
4 0 0 1.9688261915694e-15
4 0 0 1.9672038735521e-15
4 0 0 1.4169374359015e-15
4 0 0 1.4130818883524e-15
4 0 0 1.4091667788347e-15
4 0 0 1.4060282233666e-15
4 0 0 8.069368532731e-16
4 0 0 8.0403658990047e-16
4 0 0 7.9995936434888e-16
4 0 0 7.9859192951995e-16
4 0 0 6.3490632533349e-16
4 0 0 6.3233222652062e-16
4 0 0 6.2932927031201e-16
4 0 0 6.2719064373686e-16
4 0 0 4.3913719853134e-16
4 0 0 4.3768211653432e-16
4 0 0 4.3661870868562e-16
4 0 0 4.3461014629003e-16
4 0 0 3.2454009652401e-16
4 0 0 3.2205990261191e-16
4 0 0 3.2129480634172e-16
4 0 0 3.1997905291202e-16
4 0 0 2.8825144436034e-16
4 0 0 2.8697223400806e-16
4 0 0 2.8566527873733e-16
4 0 0 2.8312874847208e-16
4 0 0 1.6318219657943e-16
4 0 0 1.6218076996409e-16
4 0 0 1.6112715506605e-16
4 0 0 1.5950037196708e-16
4 0 0 1.4091923015224e-16
4 0 0 1.4019319636347e-16
4 0 0 1.3906769977556e-16
4 0 0 1.3855815449612e-16
4 0 0 4.4910602235246e-17
4 0 0 4.4674595683011e-17
4 0 0 4.4169045431904e-17
4 0 0 4.3367706155321e-17
4 0 0 3.6291026793761e-17
4 0 0 3.5299290076153e-17
4 0 0 3.4752581530967e-17
4 0 0 3.4331089271382e-17
4 0 0 3.1195760426266e-17
4 0 0 3.1046991859117e-17
4 0 0 3.091969677259e-17
4 0 0 3.0123628652681e-17
4 0 0 2.2813526081331e-17
4 0 0 2.2163068884437e-17
4 0 0 2.1844104454499e-17
4 0 0 2.1334367308442e-17
4 0 0 9.1878245293985e-18
4 0 0 8.8710365207326e-18
4 0 0 8.5371945168444e-18
4 0 0 8.1594877406103e-18
4 0 0 5.2105149089575e-18
4 0 0 5.0060648337495e-18
4 0 0 4.772389286325e-18
4 0 0 4.6802125298316e-18
4 0 0 2.5031054156592e-18
4 0 0 2.3551528380685e-18
4 0 0 1.9560394432767e-18
4 0 0 1.7340142806928e-18
4 0 0 1.6397987336533e-18
4 0 0 1.4143198578708e-18
4 0 0 1.2545926959513e-18
4 0 0 1.1058264462063e-18
4 0 0 9.8522071525873e-19
4 0 0 7.9136293785073e-19
4 0 0 6.9135230701045e-19
4 0 0 5.4119540519046e-19
4 0 1 0.0027589875767745
4 0 1 0.0027589874629997
4 0 1 0.0027589873997386
4 0 1 0.0027589872783709
4 0 1 0.0024411812578965
4 0 1 0.0024411811879163
4 0 1 0.0024411811610841
4 0 1 0.0024411810786379
4 0 1 0.0021312138652491
4 0 1 0.0021312138180464
4 0 1 0.0021312137518338
4 0 1 0.0021312137425061
4 0 1 0.0018156322291793
4 0 1 0.0018156321524697
4 0 1 0.0018156321067599
4 0 1 0.0018156320301545
4 0 1 0.0015519819285594
4 0 1 0.0015519818922336
4 0 1 0.0015519818732761
4 0 1 0.0015519818479172
4 0 1 0.001480869604914
4 0 1 0.0014808695709628
4 0 1 0.0014808695343881
4 0 1 0.001480869486361
4 0 1 0.0013765471669542
4 0 1 0.0013765471399417
4 0 1 0.0013765471216706
4 0 1 0.0013765470829998
4 0 1 0.0010842916527548
4 0 1 0.001084291631701
4 0 1 0.0010842915991782
4 0 1 0.001084291571474
4 0 1 0.00084638603691057
4 0 1 0.00084638603093236
4 0 1 0.00084638599368333
4 0 1 0.00084638596184296
4 0 1 0.00067079178222405
4 0 1 0.00067079174883738
4 0 1 0.00067079173025378
4 0 1 0.0006707917160621
4 0 1 1.9467113029605e-11
4 0 1 1.9465262093649e-11
4 0 1 1.946315384331e-11
4 0 1 1.9462245385114e-11
4 0 1 1.4172165193556e-11
4 0 1 1.4169959108448e-11
4 0 1 1.4168913165834e-11
4 0 1 1.4167469976397e-11
4 0 1 1.2991759492098e-11
4 0 1 1.2989369664761e-11
4 0 1 1.2986406123384e-11
4 0 1 1.2984417317026e-11
4 0 1 1.0199784183629e-11
4 0 1 1.0198803608789e-11
4 0 1 1.0196872563175e-11
4 0 1 1.0194594987752e-11
4 0 1 9.7634252634893e-12
4 0 1 9.7624735051104e-12
4 0 1 9.7618250129694e-12
4 0 1 9.759616018488e-12
4 0 1 7.221812079644e-12
4 0 1 7.2210580198745e-12
4 0 1 7.2202148387788e-12
4 0 1 7.2184059905867e-12
4 0 1 6.5659387464833e-12
4 0 1 6.5654262813196e-12
4 0 1 6.5649845903062e-12
4 0 1 6.5632925753908e-12
4 0 1 5.5618272180519e-12
4 0 1 5.5605664459127e-12
4 0 1 5.5595029825156e-12
4 0 1 5.5588966693223e-12
4 0 1 5.1399251826246e-12
4 0 1 5.1389955751996e-12
4 0 1 5.1383806045104e-12
4 0 1 5.137971092909e-12
4 0 1 3.8922825655781e-12
4 0 1 3.8916293570949e-12
4 0 1 3.8912342921027e-12
4 0 1 3.8906694827223e-12
4 0 1 3.3732165776373e-12
4 0 1 3.3725896626322e-12
4 0 1 3.3720748738094e-12
4 0 1 3.3714987501011e-12
4 0 1 2.7427512958599e-12
4 0 1 2.7421205919964e-12
4 0 1 2.7418198905519e-12
4 0 1 2.7416239334392e-12
4 0 1 2.2425846038779e-12
4 0 1 2.2422207261017e-12
4 0 1 2.2420226747692e-12
4 0 1 2.2416485342185e-12
4 0 1 2.136323048094e-12
4 0 1 2.1357700497276e-12
4 0 1 2.1353632575742e-12
4 0 1 2.1352345459281e-12
4 0 1 2.0808252937878e-12
4 0 1 2.080256144022e-12
4 0 1 2.0799123389232e-12
4 0 1 2.0794241018269e-12
4 0 1 1.5098168424792e-12
4 0 1 1.5096737611522e-12
4 0 1 1.509121394026e-12
4 0 1 1.5088588865244e-12
4 0 1 1.4263296904225e-12
4 0 1 1.42609210152e-12
4 0 1 1.4257703231474e-12
4 0 1 1.4253890556188e-12
4 0 1 1.2735476522751e-12
4 0 1 1.2732939183863e-12
4 0 1 1.2731564591056e-12
4 0 1 1.2727132207204e-12
4 0 1 1.0945693958921e-12
4 0 1 1.0942472082747e-12
4 0 1 1.0939494617631e-12
4 0 1 1.0937914877141e-12
4 0 1 9.2595160713425e-13
4 0 1 9.2579486696134e-13
4 0 1 9.2555408245861e-13
4 0 1 9.2538523378063e-13
4 0 1 6.5030927129066e-13
4 0 1 6.502331960035e-13
4 0 1 6.4998250476742e-13
4 0 1 6.4990508510713e-13
4 0 1 6.1077670525616e-13
4 0 1 6.1058112440251e-13
4 0 1 6.1040856555986e-13
4 0 1 6.1017463308711e-13
4 0 1 4.8750617803802e-13
4 0 1 4.8729299461021e-13
4 0 1 4.8722251802364e-13
4 0 1 4.8712460678541e-13
4 0 1 3.2733106293465e-13
4 0 1 3.2715805677263e-13
4 0 1 3.2711338918572e-13
4 0 1 3.2687690208155e-13
4 0 1 2.4333545225156e-13
4 0 1 2.432447422466e-13
4 0 1 2.43135149234e-13
4 0 1 2.4304340773835e-13
4 0 1 1.9107839436713e-13
4 0 1 1.9099722367633e-13
4 0 1 1.909663453081e-13
4 0 1 1.9084747034521e-13
4 0 1 1.2813452858223e-13
4 0 1 1.2809848504193e-13
4 0 1 1.2803739599361e-13
4 0 1 1.2800034456753e-13
4 0 1 6.5560817965597e-14
4 0 1 6.5484358421091e-14
4 0 1 6.5460420112869e-14
4 0 1 6.5400777676072e-14
4 0 1 4.6084091979418e-14
4 0 1 4.6059544416865e-14
4 0 1 4.602768188133e-14
4 0 1 4.5989053608998e-14
4 0 1 4.1491929659849e-14
4 0 1 4.147354722022e-14
4 0 1 4.1458526729369e-14
4 0 1 4.141140469113e-14
4 0 1 9.6442592573959e-15
4 0 1 9.6266912539244e-15
4 0 1 9.6156621040454e-15
4 0 1 9.5981082621247e-15
4 0 1 5.6831716519883e-15
4 0 1 5.6728870566511e-15
4 0 1 5.6570008591596e-15
4 0 1 5.6454889117993e-15
4 0 1 4.3520131002135e-15
4 0 1 4.3413391533339e-15
4 0 1 4.3308556584187e-15
4 0 1 4.3222133996568e-15
4 0 1 1.0438751062923e-15
4 0 1 1.0420711770526e-15
4 0 1 1.0374750230485e-15
4 0 1 1.0357700111816e-15
4 0 1 7.092307082275e-16
4 0 1 7.0601424964609e-16
4 0 1 7.0366265464305e-16
4 0 1 6.9561147543832e-16
4 0 1 6.3457801465945e-16
4 0 1 6.325127886609e-16
4 0 1 6.2902568623074e-16
4 0 1 6.2586420333134e-16
4 0 1 4.3036606674322e-16
4 0 1 4.2930447680209e-16
4 0 1 4.2763354779134e-16
4 0 1 4.2654316649838e-16
4 0 1 3.5080512256677e-16
4 0 1 3.4986390713446e-16
4 0 1 3.4884359438797e-16
4 0 1 3.4719816432687e-16
4 0 1 2.0098118526935e-16
4 0 1 1.9988201343607e-16
4 0 1 1.9823904653542e-16
4 0 1 1.9777964700642e-16
4 0 1 1.7031817534222e-16
4 0 1 1.6768056096522e-16
4 0 1 1.6622397799271e-16
4 0 1 1.6495934129013e-16
4 0 1 1.4318802135467e-16
4 0 1 1.4211926197918e-16
4 0 1 1.4154632573734e-16
4 0 1 1.4019737151253e-16
4 0 1 5.4901456769427e-17
4 0 1 5.3934569628462e-17
4 0 1 5.3773266918517e-17
4 0 1 5.3055538597538e-17
4 0 1 4.8674545398596e-17
4 0 1 4.7811502017831e-17
4 0 1 4.7290847618104e-17
4 0 1 4.6928101560734e-17
4 0 1 3.3666612628527e-17
4 0 1 3.3335094870555e-17
4 0 1 3.2882640990344e-17
4 0 1 3.2491032569488e-17
4 0 1 2.3572694220814e-17
4 0 1 2.2979774473898e-17
4 0 1 2.2822199980073e-17
4 0 1 2.179253240108e-17
4 0 1 1.2662912028862e-17
4 0 1 1.2109321888341e-17
4 0 1 1.1808554782009e-17
4 0 1 1.1156872522125e-17
4 0 1 4.6873459296036e-18
4 0 1 4.2596800362873e-18
4 0 1 4.1463213120808e-18
4 0 1 4.0852836664167e-18
4 0 1 2.5054939817403e-18
4 0 1 2.1723390874502e-18
4 0 1 1.9872630003853e-18
4 0 1 1.9149123604783e-18
4 0 1 1.6694944408652e-18
4 0 1 1.5365728449703e-18
4 0 1 1.4499690242772e-18
4 0 1 1.2935644115824e-18
4 0 1 1.1835342015349e-18
4 0 1 1.0264863987264e-18
4 0 1 9.1801957040565e-19
4 0 1 7.1441202478594e-19
4 0 2 0.0027589803817529
4 0 2 0.0027589803508707
4 0 2 0.0027589802386447
4 0 2 0.0027589801843541
4 0 2 0.0024351105045974
4 0 2 0.0024351104481057
4 0 2 0.0024351103959696
4 0 2 0.0024351103779705
4 0 2 0.002032644746298
4 0 2 0.0020326447132831
4 0 2 0.0020326446681922
4 0 2 0.002032644626459
4 0 2 0.0016630985442376
4 0 2 0.001663098463826
4 0 2 0.0016630984274852
4 0 2 0.0016630983630818
4 0 2 0.0016098506732104
4 0 2 0.0016098506290586
4 0 2 0.0016098505811095
4 0 2 0.0016098505468654
4 0 2 0.0015517965444385
4 0 2 0.001551796516233
4 0 2 0.0015517964907873
4 0 2 0.001551796442053
4 0 2 0.0012626542420961
4 0 2 0.0012626542054214
4 0 2 0.0012626541847075
4 0 2 0.0012626541418617
4 0 2 0.0010456149716385
4 0 2 0.0010456149463789
4 0 2 0.0010456149200706
4 0 2 0.0010456149083298
4 0 2 0.00091404377142417
4 0 2 0.00091404374137933
4 0 2 0.00091404370693517
4 0 2 0.00091404368795599
4 0 2 0.00071402086719827
4 0 2 0.00071402083374572
4 0 2 0.00071402078325305
4 0 2 0.00071402074659736
4 0 2 0.00056041344816147
4 0 2 0.00056041342647396
4 0 2 0.00056041338927131
4 0 2 0.00056041336348091
4 0 2 1.3237784481408e-11
4 0 2 1.3236910442367e-11
4 0 2 1.3235388932128e-11
4 0 2 1.3235029873722e-11
4 0 2 1.1682828294327e-11
4 0 2 1.168235917176e-11
4 0 2 1.1680609741436e-11
4 0 2 1.1680383496038e-11
4 0 2 1.1382788349446e-11
4 0 2 1.1381429890756e-11
4 0 2 1.1379671470349e-11
4 0 2 1.1378108476351e-11
4 0 2 1.0941510228347e-11
4 0 2 1.0940248013385e-11
4 0 2 1.0938942759447e-11
4 0 2 1.0938505504559e-11
4 0 2 8.7794401095195e-12
4 0 2 8.7781697017506e-12
4 0 2 8.7770731474434e-12
4 0 2 8.7760779771504e-12
4 0 2 7.0900310864005e-12
4 0 2 7.0884555482801e-12
4 0 2 7.08686869571e-12
4 0 2 7.0862592000462e-12
4 0 2 6.0775824254802e-12
4 0 2 6.0767270827183e-12
4 0 2 6.0760300569577e-12
4 0 2 6.0753652468192e-12
4 0 2 4.8366757427802e-12
4 0 2 4.8359333200365e-12
4 0 2 4.8352151230718e-12
4 0 2 4.8347187546241e-12
4 0 2 4.50059354906e-12
4 0 2 4.4996492196065e-12
4 0 2 4.4989921047342e-12
4 0 2 4.4981696018524e-12
4 0 2 4.052842527766e-12
4 0 2 4.0525616475259e-12
4 0 2 4.0522649537147e-12
4 0 2 4.0518542999277e-12
4 0 2 2.8707981509097e-12
4 0 2 2.8703803298992e-12
4 0 2 2.8699094391233e-12
4 0 2 2.8696021639006e-12
4 0 2 2.8525505437552e-12
4 0 2 2.8512863019007e-12
4 0 2 2.8498946574341e-12
4 0 2 2.8488172424186e-12
4 0 2 2.6517259919322e-12
4 0 2 2.6509095132788e-12
4 0 2 2.6502822042986e-12
4 0 2 2.6499511783432e-12
4 0 2 2.4600409438723e-12
4 0 2 2.4596982773297e-12
4 0 2 2.4594591900481e-12
4 0 2 2.4589244667262e-12
4 0 2 2.3469367125879e-12
4 0 2 2.3464547990731e-12
4 0 2 2.3459676319761e-12
4 0 2 2.3454925044869e-12
4 0 2 1.904779245963e-12
4 0 2 1.9045148759311e-12
4 0 2 1.9043373365781e-12
4 0 2 1.9036911828578e-12
4 0 2 1.4335882683687e-12
4 0 2 1.4332519555767e-12
4 0 2 1.4328861845479e-12
4 0 2 1.4326101824155e-12
4 0 2 1.1737361298278e-12
4 0 2 1.1733862254565e-12
4 0 2 1.1733303958503e-12
4 0 2 1.1729457758579e-12
4 0 2 9.7961928382938e-13
4 0 2 9.7950825491985e-13
4 0 2 9.7910531003956e-13
4 0 2 9.7857960936638e-13
4 0 2 9.1169719528648e-13
4 0 2 9.1136643581437e-13
4 0 2 9.1115791569926e-13
4 0 2 9.1095495988518e-13
4 0 2 6.8490170720715e-13
4 0 2 6.8472411520166e-13
4 0 2 6.8446023737669e-13
4 0 2 6.8428764064822e-13
4 0 2 5.9168839553517e-13
4 0 2 5.9154970518309e-13
4 0 2 5.9142645584926e-13
4 0 2 5.9126348430479e-13
4 0 2 4.5494982117471e-13
4 0 2 4.5475452490743e-13
4 0 2 4.5460436765516e-13
4 0 2 4.5450491747969e-13
4 0 2 4.3362379550655e-13
4 0 2 4.3352718869502e-13
4 0 2 4.3342821877733e-13
4 0 2 4.3337246350893e-13
4 0 2 3.7879186166201e-13
4 0 2 3.7870190661421e-13
4 0 2 3.7857582822365e-13
4 0 2 3.7843076353357e-13
4 0 2 2.5737371988689e-13
4 0 2 2.5720967619539e-13
4 0 2 2.5717944043366e-13
4 0 2 2.5711470513524e-13
4 0 2 2.2270776628616e-13
4 0 2 2.2268164760825e-13
4 0 2 2.2255139234959e-13
4 0 2 2.2247557793436e-13
4 0 2 1.0646091482145e-13
4 0 2 1.0642167293688e-13
4 0 2 1.0634715498704e-13
4 0 2 1.0622475772313e-13
4 0 2 9.9453571497618e-14
4 0 2 9.9400527402811e-14
4 0 2 9.9332372752225e-14
4 0 2 9.9269853059741e-14
4 0 2 2.872677665179e-14
4 0 2 2.8703946833399e-14
4 0 2 2.8666238848814e-14
4 0 2 2.8635558526851e-14
4 0 2 7.9175568182452e-15
4 0 2 7.910068732711e-15
4 0 2 7.9045829072683e-15
4 0 2 7.8969599709102e-15
4 0 2 4.8192462714638e-15
4 0 2 4.7991117295083e-15
4 0 2 4.7859075591423e-15
4 0 2 4.7817179114813e-15
4 0 2 3.5064558631347e-15
4 0 2 3.5020519230546e-15
4 0 2 3.4948057432836e-15
4 0 2 3.4856757368819e-15
4 0 2 8.4610922817033e-16
4 0 2 8.444785728468e-16
4 0 2 8.4287332165794e-16
4 0 2 8.3965757338078e-16
4 0 2 6.7358471830395e-16
4 0 2 6.7274037491529e-16
4 0 2 6.702160428813e-16
4 0 2 6.6791081605218e-16
4 0 2 4.5745725377607e-16
4 0 2 4.5624594271901e-16
4 0 2 4.5361790613637e-16
4 0 2 4.5189393301557e-16
4 0 2 4.3703183005575e-16
4 0 2 4.3502802109714e-16
4 0 2 4.3387816852687e-16
4 0 2 4.3265379059792e-16
4 0 2 2.8960494217937e-16
4 0 2 2.8891448312083e-16
4 0 2 2.872783493113e-16
4 0 2 2.8673871676047e-16
4 0 2 1.8950332840717e-16
4 0 2 1.8801933994002e-16
4 0 2 1.8748342753648e-16
4 0 2 1.8641947627404e-16
4 0 2 1.3171651820876e-16
4 0 2 1.3073813625299e-16
4 0 2 1.2987864783708e-16
4 0 2 1.2946078694569e-16
4 0 2 1.068765239266e-16
4 0 2 1.062105957981e-16
4 0 2 1.0541670599901e-16
4 0 2 1.0436739130811e-16
4 0 2 5.2446027187854e-17
4 0 2 5.2104267082383e-17
4 0 2 5.1326550085482e-17
4 0 2 5.0867007150057e-17
4 0 2 4.0289889272813e-17
4 0 2 3.9242390950307e-17
4 0 2 3.8236589681066e-17
4 0 2 3.7796794653569e-17
4 0 2 2.6448301165431e-17
4 0 2 2.6261632112177e-17
4 0 2 2.5917643393403e-17
4 0 2 2.5231691713911e-17
4 0 2 2.3080354104591e-17
4 0 2 2.2840267057032e-17
4 0 2 2.234390841754e-17
4 0 2 2.1947460676149e-17
4 0 2 1.2485716070349e-17
4 0 2 1.1904346142113e-17
4 0 2 1.164623590676e-17
4 0 2 1.1097473780927e-17
4 0 2 6.4440282324902e-18
4 0 2 6.1173671558809e-18
4 0 2 6.0852798794105e-18
4 0 2 5.7145055837994e-18
4 0 2 4.4322713431531e-18
4 0 2 4.0713391237916e-18
4 0 2 3.9374327737644e-18
4 0 2 3.7272933609318e-18
4 0 2 2.2736652814483e-18
4 0 2 1.9406510272118e-18
4 0 2 1.8311306981844e-18
4 0 2 1.38524115071e-18
4 0 2 1.258309670919e-18
4 0 2 1.1820545694784e-18
4 0 2 1.0485457905534e-18
4 0 2 9.7520156601468e-19
4 0 2 8.8327671723373e-19
4 0 2 7.7304851707065e-19
4 0 2 6.7499663064366e-19
4 0 2 5.4001511846538e-19
4 0 3 0.0027589875605999
4 0 3 0.002758987470714
4 0 3 0.0027589874032156
4 0 3 0.0027589872797182
4 0 3 0.0024411812909708
4 0 3 0.0024411811855481
4 0 3 0.0024411811551912
4 0 3 0.0024411810754153
4 0 3 0.0021312138624669
4 0 3 0.0021312137947756
4 0 3 0.0021312137765708
4 0 3 0.002131213749269
4 0 3 0.0018156322023761
4 0 3 0.0018156321716524
4 0 3 0.0018156320888675
4 0 3 0.0018156320323141
4 0 3 0.0015519819327261
4 0 3 0.0015519818913243
4 0 3 0.0015519818712796
4 0 3 0.0015519818334244
4 0 3 0.0014808695929768
4 0 3 0.0014808695827388
4 0 3 0.001480869560971
4 0 3 0.0014808694823789
4 0 3 0.0013765471638884
4 0 3 0.0013765471383409
4 0 3 0.0013765471204107
4 0 3 0.0013765470691343
4 0 3 0.0010842916621555
4 0 3 0.0010842916400235
4 0 3 0.0010842916086971
4 0 3 0.0010842915635915
4 0 3 0.00084638605616313
4 0 3 0.00084638602276296
4 0 3 0.00084638599724786
4 0 3 0.00084638595968162
4 0 3 0.00067079177269127
4 0 3 0.00067079174478557
4 0 3 0.00067079173126523
4 0 3 0.00067079170732339
4 0 3 1.9467265113619e-11
4 0 3 1.9466433736068e-11
4 0 3 1.9464104279597e-11
4 0 3 1.9462524426956e-11
4 0 3 1.4171174037317e-11
4 0 3 1.4169650570266e-11
4 0 3 1.4168730967119e-11
4 0 3 1.4167510652491e-11
4 0 3 1.2991405694876e-11
4 0 3 1.2988482194596e-11
4 0 3 1.298697033089e-11
4 0 3 1.2984707908544e-11
4 0 3 1.019906995225e-11
4 0 3 1.0198198909649e-11
4 0 3 1.0197071196601e-11
4 0 3 1.0195495594787e-11
4 0 3 9.7633295359502e-12
4 0 3 9.7617233860508e-12
4 0 3 9.7610893726299e-12
4 0 3 9.7607288171535e-12
4 0 3 7.2225508098128e-12
4 0 3 7.2205071201281e-12
4 0 3 7.2198197572751e-12
4 0 3 7.218998588435e-12
4 0 3 6.5662265790103e-12
4 0 3 6.5658335284145e-12
4 0 3 6.5647753991255e-12
4 0 3 6.5638405350236e-12
4 0 3 5.5620676543348e-12
4 0 3 5.5603249158822e-12
4 0 3 5.5598644093664e-12
4 0 3 5.5591500770042e-12
4 0 3 5.139165913974e-12
4 0 3 5.1389766023007e-12
4 0 3 5.1381011026872e-12
4 0 3 5.1374830672631e-12
4 0 3 3.8924935700854e-12
4 0 3 3.8919052402594e-12
4 0 3 3.891309477666e-12
4 0 3 3.8909550976232e-12
4 0 3 3.3732385826686e-12
4 0 3 3.3726387595383e-12
4 0 3 3.3720574082642e-12
4 0 3 3.3714262625806e-12
4 0 3 2.7427826149224e-12
4 0 3 2.7424912051066e-12
4 0 3 2.7421271244628e-12
4 0 3 2.7415314103297e-12
4 0 3 2.2427011429927e-12
4 0 3 2.2424694777988e-12
4 0 3 2.2418200206995e-12
4 0 3 2.2415623496611e-12
4 0 3 2.1362472767061e-12
4 0 3 2.1357810516734e-12
4 0 3 2.1354637008568e-12
4 0 3 2.1350367833861e-12
4 0 3 2.0806614460694e-12
4 0 3 2.0803967110898e-12
4 0 3 2.0800920899283e-12
4 0 3 2.0796917737198e-12
4 0 3 1.5097949923916e-12
4 0 3 1.5094947241877e-12
4 0 3 1.5091703303315e-12
4 0 3 1.5087269242749e-12
4 0 3 1.426415997877e-12
4 0 3 1.4258752778949e-12
4 0 3 1.4256456002121e-12
4 0 3 1.4254220902527e-12
4 0 3 1.2737192361081e-12
4 0 3 1.2733190227583e-12
4 0 3 1.2731282920288e-12
4 0 3 1.2727867300763e-12
4 0 3 1.0944630442468e-12
4 0 3 1.0943400610976e-12
4 0 3 1.0940146588877e-12
4 0 3 1.093836146961e-12
4 0 3 9.2600409210393e-13
4 0 3 9.2579160143934e-13
4 0 3 9.2563256180449e-13
4 0 3 9.2534861699794e-13
4 0 3 6.502898858022e-13
4 0 3 6.501188717127e-13
4 0 3 6.5003767555108e-13
4 0 3 6.4976750912959e-13
4 0 3 6.1073543668981e-13
4 0 3 6.1049651627412e-13
4 0 3 6.1035226213632e-13
4 0 3 6.1026317809043e-13
4 0 3 4.8754208320247e-13
4 0 3 4.8736561419037e-13
4 0 3 4.872751124326e-13
4 0 3 4.8707699609167e-13
4 0 3 3.2724159017657e-13
4 0 3 3.2718292706985e-13
4 0 3 3.2707946261904e-13
4 0 3 3.2692908090907e-13
4 0 3 2.4336674589909e-13
4 0 3 2.432128533881e-13
4 0 3 2.4317246241023e-13
4 0 3 2.4296342507114e-13
4 0 3 1.910772382013e-13
4 0 3 1.9102325674325e-13
4 0 3 1.9098904125646e-13
4 0 3 1.908970912566e-13
4 0 3 1.2816137357064e-13
4 0 3 1.2810138536004e-13
4 0 3 1.2803551503371e-13
4 0 3 1.2795863761955e-13
4 0 3 6.5543995844141e-14
4 0 3 6.5518780716602e-14
4 0 3 6.5461638530059e-14
4 0 3 6.5435006652264e-14
4 0 3 4.6070586675299e-14
4 0 3 4.6047156233445e-14
4 0 3 4.6022259139641e-14
4 0 3 4.599002664021e-14
4 0 3 4.1514125684374e-14
4 0 3 4.1481970916694e-14
4 0 3 4.1449730789476e-14
4 0 3 4.1420452684626e-14
4 0 3 9.6327886558247e-15
4 0 3 9.6291309471243e-15
4 0 3 9.6203901222044e-15
4 0 3 9.5919473562267e-15
4 0 3 5.6914623811712e-15
4 0 3 5.6780226693684e-15
4 0 3 5.6566791093667e-15
4 0 3 5.6399310216134e-15
4 0 3 4.3542104660775e-15
4 0 3 4.3399147153701e-15
4 0 3 4.3289437969765e-15
4 0 3 4.3233520819783e-15
4 0 3 1.0476609002629e-15
4 0 3 1.0400245584167e-15
4 0 3 1.0383675291154e-15
4 0 3 1.0377299038531e-15
4 0 3 7.0935759356344e-16
4 0 3 7.0571815990899e-16
4 0 3 7.0281996917588e-16
4 0 3 6.9998835845979e-16
4 0 3 6.3495054460027e-16
4 0 3 6.3394041230851e-16
4 0 3 6.3113379903803e-16
4 0 3 6.2883053208948e-16
4 0 3 4.3034669046766e-16
4 0 3 4.28321926052e-16
4 0 3 4.2734963265566e-16
4 0 3 4.2617490053312e-16
4 0 3 3.522067120248e-16
4 0 3 3.5162956578841e-16
4 0 3 3.5018514727601e-16
4 0 3 3.4762899749503e-16
4 0 3 2.0199510540343e-16
4 0 3 1.9975663405219e-16
4 0 3 1.9863190897755e-16
4 0 3 1.9699107422252e-16
4 0 3 1.6969712766285e-16
4 0 3 1.6784780318676e-16
4 0 3 1.670502385873e-16
4 0 3 1.6539154705607e-16
4 0 3 1.430656281584e-16
4 0 3 1.4175182300637e-16
4 0 3 1.4044211320033e-16
4 0 3 1.3960028331072e-16
4 0 3 5.4868503457278e-17
4 0 3 5.4322957114067e-17
4 0 3 5.3789755541129e-17
4 0 3 5.2566174212712e-17
4 0 3 4.8650832852516e-17
4 0 3 4.83216838225e-17
4 0 3 4.7844504769759e-17
4 0 3 4.6907554712903e-17
4 0 3 3.4074731115592e-17
4 0 3 3.3637198241531e-17
4 0 3 3.3043138840024e-17
4 0 3 3.252754756299e-17
4 0 3 2.3450304815694e-17
4 0 3 2.3140188217309e-17
4 0 3 2.2705043341121e-17
4 0 3 2.2181455359279e-17
4 0 3 1.2671614914288e-17
4 0 3 1.2034144102428e-17
4 0 3 1.1779837035903e-17
4 0 3 1.1470739846056e-17
4 0 3 4.3609394999228e-18
4 0 3 4.3074397932105e-18
4 0 3 4.1258810338429e-18
4 0 3 4.0368340696883e-18
4 0 3 2.5559559223521e-18
4 0 3 2.2227885596469e-18
4 0 3 2.1401403704035e-18
4 0 3 1.8151359424241e-18
4 0 3 1.6825812297115e-18
4 0 3 1.5588606492524e-18
4 0 3 1.3717092995777e-18
4 0 3 1.2854815073226e-18
4 0 3 1.2281274622276e-18
4 0 3 1.07248427389e-18
4 0 3 9.4020108106549e-19
4 0 3 7.5819715683766e-19
4 1 0 0.0027589875718545
4 1 0 0.0027589874551922
4 1 0 0.0027589874260238
4 1 0 0.0027589873462143
4 1 0 0.0024411812809706
4 1 0 0.002441181258066
4 1 0 0.0024411811737618
4 1 0 0.0024411811478064
4 1 0 0.0021312138663969
4 1 0 0.0021312138272914
4 1 0 0.002131213770581
4 1 0 0.0021312137078369
4 1 0 0.0018156322144994
4 1 0 0.0018156321432039
4 1 0 0.0018156320822862
4 1 0 0.0018156320209675
4 1 0 0.0015519820411778
4 1 0 0.0015519820094001
4 1 0 0.0015519819858609
4 1 0 0.0015519819417783
4 1 0 0.001480869593189
4 1 0 0.0014808695703407
4 1 0 0.0014808695290445
4 1 0 0.0014808694976877
4 1 0 0.0013765472036184
4 1 0 0.0013765471859867
4 1 0 0.0013765471342019
4 1 0 0.0013765470973418
4 1 0 0.0010842916324594
4 1 0 0.0010842916213599
4 1 0 0.0010842915935616
4 1 0 0.0010842915688166
4 1 0 0.00084638606228782
4 1 0 0.00084638603390425
4 1 0 0.00084638599884749
4 1 0 0.0008463859748351
4 1 0 0.00067079176504144
4 1 0 0.00067079174137303
4 1 0 0.00067079171872282
4 1 0 0.00067079171470204
4 1 0 1.9468560453637e-11
4 1 0 1.9467047459974e-11
4 1 0 1.9464903835644e-11
4 1 0 1.9463391332787e-11
4 1 0 1.4171132265705e-11
4 1 0 1.4170319815219e-11
4 1 0 1.4168173961036e-11
4 1 0 1.4167481907456e-11
4 1 0 1.2990013138967e-11
4 1 0 1.2987997560732e-11
4 1 0 1.2985977853633e-11
4 1 0 1.2984465165801e-11
4 1 0 1.0201339747373e-11
4 1 0 1.0199782751525e-11
4 1 0 1.019753312548e-11
4 1 0 1.0196662754416e-11
4 1 0 9.7629279864074e-12
4 1 0 9.7615836670414e-12
4 1 0 9.7608053656418e-12
4 1 0 9.7599149548277e-12
4 1 0 7.222488067949e-12
4 1 0 7.221074506861e-12
4 1 0 7.2201854339036e-12
4 1 0 7.2190837229589e-12
4 1 0 6.5654433331226e-12
4 1 0 6.5647678368801e-12
4 1 0 6.5638950989663e-12
4 1 0 6.5625265166196e-12
4 1 0 5.5615482632906e-12
4 1 0 5.5605252162296e-12
4 1 0 5.5601312682041e-12
4 1 0 5.559583293912e-12
4 1 0 5.1399187507699e-12
4 1 0 5.138403723538e-12
4 1 0 5.1379794644201e-12
4 1 0 5.1367291288062e-12
4 1 0 3.8923956611915e-12
4 1 0 3.8917925067066e-12
4 1 0 3.8913497835163e-12
4 1 0 3.8911091168708e-12
4 1 0 3.3731345630748e-12
4 1 0 3.3729324646011e-12
4 1 0 3.3718507181822e-12
4 1 0 3.3717294413965e-12
4 1 0 2.7429081292076e-12
4 1 0 2.742415272783e-12
4 1 0 2.7419765192251e-12
4 1 0 2.7418141517455e-12
4 1 0 2.2428467832662e-12
4 1 0 2.2423230688618e-12
4 1 0 2.2419873855073e-12
4 1 0 2.2413493936743e-12
4 1 0 2.1360837671553e-12
4 1 0 2.1356881042806e-12
4 1 0 2.1352642278952e-12
4 1 0 2.1350216391573e-12
4 1 0 2.0807448180671e-12
4 1 0 2.0802657810324e-12
4 1 0 2.0798153020018e-12
4 1 0 2.0793198189604e-12
4 1 0 1.5099464151137e-12
4 1 0 1.5096994618234e-12
4 1 0 1.5092284644221e-12
4 1 0 1.5088410571335e-12
4 1 0 1.4262899931949e-12
4 1 0 1.4260881107139e-12
4 1 0 1.4256778471157e-12
4 1 0 1.425385043757e-12
4 1 0 1.2737144661059e-12
4 1 0 1.2734151364736e-12
4 1 0 1.2732460679648e-12
4 1 0 1.2728953308009e-12
4 1 0 1.0943682554293e-12
4 1 0 1.0942308518465e-12
4 1 0 1.0939461486054e-12
4 1 0 1.0937770854726e-12
4 1 0 9.2595517070746e-13
4 1 0 9.2569053352313e-13
4 1 0 9.2550269093964e-13
4 1 0 9.2517910941446e-13
4 1 0 6.5040233856492e-13
4 1 0 6.5026699728686e-13
4 1 0 6.5017461164713e-13
4 1 0 6.5000729531461e-13
4 1 0 6.1053699240484e-13
4 1 0 6.1045671714538e-13
4 1 0 6.1033313314164e-13
4 1 0 6.1012081994551e-13
4 1 0 4.8733489910189e-13
4 1 0 4.872441514826e-13
4 1 0 4.8711288266583e-13
4 1 0 4.8705767846238e-13
4 1 0 3.2714553419376e-13
4 1 0 3.2695693459143e-13
4 1 0 3.2685354921611e-13
4 1 0 3.2679972045475e-13
4 1 0 2.4332959848666e-13
4 1 0 2.4317545734584e-13
4 1 0 2.4315131113836e-13
4 1 0 2.4292339026437e-13
4 1 0 1.9109291693062e-13
4 1 0 1.910294039775e-13
4 1 0 1.9097244551353e-13
4 1 0 1.9089114627304e-13
4 1 0 1.2813928121239e-13
4 1 0 1.2806148811414e-13
4 1 0 1.2798383602721e-13
4 1 0 1.2792385509815e-13
4 1 0 6.5609974813079e-14
4 1 0 6.5534947587693e-14
4 1 0 6.546907684588e-14
4 1 0 6.5440570403528e-14
4 1 0 4.6050601187419e-14
4 1 0 4.6030812021097e-14
4 1 0 4.6000462692531e-14
4 1 0 4.5981674917202e-14
4 1 0 4.1538416878823e-14
4 1 0 4.1485166989486e-14
4 1 0 4.1437137993836e-14
4 1 0 4.1421153061839e-14
4 1 0 9.6471011031232e-15
4 1 0 9.6200738476725e-15
4 1 0 9.616470821553e-15
4 1 0 9.606928439694e-15
4 1 0 5.6752495559844e-15
4 1 0 5.6636669086264e-15
4 1 0 5.6496822627829e-15
4 1 0 5.636918914313e-15
4 1 0 4.3463382321377e-15
4 1 0 4.3406210450858e-15
4 1 0 4.3260558361835e-15
4 1 0 4.3212303868073e-15
4 1 0 1.0432593361394e-15
4 1 0 1.041374460237e-15
4 1 0 1.03875969982e-15
4 1 0 1.0342079908384e-15
4 1 0 7.0527414021022e-16
4 1 0 7.0350071321197e-16
4 1 0 7.0199090890318e-16
4 1 0 6.9913473520997e-16
4 1 0 6.3579910836096e-16
4 1 0 6.3300242993938e-16
4 1 0 6.3089280579598e-16
4 1 0 6.2812934685749e-16
4 1 0 4.3073491132128e-16
4 1 0 4.2945005103426e-16
4 1 0 4.2818083874549e-16
4 1 0 4.2636347328522e-16
4 1 0 3.5376669228057e-16
4 1 0 3.5008412691413e-16
4 1 0 3.4853262204273e-16
4 1 0 3.4764187847605e-16
4 1 0 2.0061764282141e-16
4 1 0 1.9948215635432e-16
4 1 0 1.9834914200911e-16
4 1 0 1.9797527200315e-16
4 1 0 1.6873580379156e-16
4 1 0 1.6841576609778e-16
4 1 0 1.6684129064353e-16
4 1 0 1.6539489160479e-16
4 1 0 1.4317044794671e-16
4 1 0 1.4157440875231e-16
4 1 0 1.4142413624167e-16
4 1 0 1.4056719260893e-16
4 1 0 5.4716655101597e-17
4 1 0 5.4220895359451e-17
4 1 0 5.3812217463779e-17
4 1 0 5.2707232977522e-17
4 1 0 4.8586600511474e-17
4 1 0 4.8212527001621e-17
4 1 0 4.7685231624318e-17
4 1 0 4.7280214221001e-17
4 1 0 3.3940396181304e-17
4 1 0 3.3276209134734e-17
4 1 0 3.2877120571771e-17
4 1 0 3.2555274035416e-17
4 1 0 2.3884917358366e-17
4 1 0 2.3209899178592e-17
4 1 0 2.2860433556029e-17
4 1 0 2.2308412377272e-17
4 1 0 1.2042637724763e-17
4 1 0 1.167381067101e-17
4 1 0 1.1407930946521e-17
4 1 0 1.1303919570132e-17
4 1 0 4.4690594719173e-18
4 1 0 4.2448371565023e-18
4 1 0 4.1179329806187e-18
4 1 0 3.9859155521058e-18
4 1 0 2.5692741393441e-18
4 1 0 2.3162358765645e-18
4 1 0 2.1272869009644e-18
4 1 0 1.9576583739849e-18
4 1 0 1.710018466352e-18
4 1 0 1.6481432066693e-18
4 1 0 1.476303958295e-18
4 1 0 1.3423913613581e-18
4 1 0 1.1690368569313e-18
4 1 0 1.0541252327276e-18
4 1 0 9.1752821992285e-19
4 1 0 6.8841744173048e-19
4 1 1 0.0024946668828447
4 1 1 0.0024946668328547
4 1 1 0.0024946667849532
4 1 1 0.0024946666918832
4 1 1 0.0022262318454946
4 1 1 0.0022262317929127
4 1 1 0.0022262317460658
4 1 1 0.0022262317088823
4 1 1 0.0019728957507652
4 1 1 0.0019728956693355
4 1 1 0.00197289563187
4 1 1 0.0019728955808842
4 1 1 0.0016647667958038
4 1 1 0.0016647667291945
4 1 1 0.0016647667094851
4 1 1 0.0016647666441128
4 1 1 0.0015861366694505
4 1 1 0.0015861366261089
4 1 1 0.0015861365914379
4 1 1 0.0015861365603527
4 1 1 0.0014381046296073
4 1 1 0.0014381045778023
4 1 1 0.0014381045524874
4 1 1 0.0014381044886233
4 1 1 0.0012408642983754
4 1 1 0.0012408642714542
4 1 1 0.0012408642514727
4 1 1 0.0012408642142099
4 1 1 0.0010647940108215
4 1 1 0.0010647939581465
4 1 1 0.001064793936549
4 1 1 0.0010647939246539
4 1 1 0.00085420752203402
4 1 1 0.00085420749320921
4 1 1 0.00085420747542183
4 1 1 0.00085420745467834
4 1 1 0.00064378868549184
4 1 1 0.0006437886593267
4 1 1 0.00064378863997752
4 1 1 0.00064378862619865
4 1 1 2.2273129591579e-11
4 1 1 2.2271695668623e-11
4 1 1 2.2268964512702e-11
4 1 1 2.2268387673181e-11
4 1 1 1.3087864640117e-11
4 1 1 1.3086846312347e-11
4 1 1 1.3086110431968e-11
4 1 1 1.3084225881567e-11
4 1 1 1.1346650236441e-11
4 1 1 1.1345523919714e-11
4 1 1 1.1344757882124e-11
4 1 1 1.1344082883636e-11
4 1 1 1.0447719683751e-11
4 1 1 1.0446250028578e-11
4 1 1 1.0444566269963e-11
4 1 1 1.0442721733552e-11
4 1 1 9.144037804166e-12
4 1 1 9.1426959956581e-12
4 1 1 9.1425525506258e-12
4 1 1 9.1416830127338e-12
4 1 1 7.8826629693133e-12
4 1 1 7.8817270164445e-12
4 1 1 7.8803282503975e-12
4 1 1 7.8792318309406e-12
4 1 1 6.9862976970803e-12
4 1 1 6.9849450038597e-12
4 1 1 6.9841380006796e-12
4 1 1 6.983657789742e-12
4 1 1 6.0070831151884e-12
4 1 1 6.0063133758686e-12
4 1 1 6.0046643995932e-12
4 1 1 6.0033425018468e-12
4 1 1 5.1778730824587e-12
4 1 1 5.1771383154363e-12
4 1 1 5.176439889157e-12
4 1 1 5.175572022441e-12
4 1 1 3.9501741124209e-12
4 1 1 3.9492477181658e-12
4 1 1 3.9486722902392e-12
4 1 1 3.9481593004015e-12
4 1 1 3.5820871583521e-12
4 1 1 3.5815453885024e-12
4 1 1 3.5811303048792e-12
4 1 1 3.5807757999174e-12
4 1 1 3.1710857495561e-12
4 1 1 3.1707345366798e-12
4 1 1 3.1705645258898e-12
4 1 1 3.1701678341443e-12
4 1 1 2.5288289241114e-12
4 1 1 2.5281314160978e-12
4 1 1 2.5278546515737e-12
4 1 1 2.5276409302559e-12
4 1 1 2.1665624940032e-12
4 1 1 2.1664113196319e-12
4 1 1 2.1659574009581e-12
4 1 1 2.165629883249e-12
4 1 1 1.9523253384398e-12
4 1 1 1.9521549966219e-12
4 1 1 1.9519911064875e-12
4 1 1 1.9515213942664e-12
4 1 1 1.8716996412577e-12
4 1 1 1.8714489217704e-12
4 1 1 1.8713263390369e-12
4 1 1 1.870745548261e-12
4 1 1 1.4428739327724e-12
4 1 1 1.4424657648495e-12
4 1 1 1.4421994063632e-12
4 1 1 1.441980806783e-12
4 1 1 1.3813419336717e-12
4 1 1 1.381219488396e-12
4 1 1 1.3808087513187e-12
4 1 1 1.3806065651183e-12
4 1 1 1.1092080486633e-12
4 1 1 1.109121012717e-12
4 1 1 1.1087583113918e-12
4 1 1 1.1084298351519e-12
4 1 1 8.3465681308792e-13
4 1 1 8.3449942041081e-13
4 1 1 8.3435933415125e-13
4 1 1 8.3414495563262e-13
4 1 1 8.130662439663e-13
4 1 1 8.1294914541312e-13
4 1 1 8.126573539472e-13
4 1 1 8.1246373898036e-13
4 1 1 5.9190931256934e-13
4 1 1 5.9181645643647e-13
4 1 1 5.9156596936452e-13
4 1 1 5.9154254258751e-13
4 1 1 4.8628178920565e-13
4 1 1 4.8609661493449e-13
4 1 1 4.8591800012419e-13
4 1 1 4.8580452574529e-13
4 1 1 3.6420290374368e-13
4 1 1 3.6414269009506e-13
4 1 1 3.6405674969647e-13
4 1 1 3.6389294891115e-13
4 1 1 2.8364045842323e-13
4 1 1 2.835379333669e-13
4 1 1 2.8346779154807e-13
4 1 1 2.8334042487675e-13
4 1 1 2.5539140125469e-13
4 1 1 2.5531550228027e-13
4 1 1 2.5521895152733e-13
4 1 1 2.5509763981533e-13
4 1 1 1.2093023840206e-13
4 1 1 1.2084735109595e-13
4 1 1 1.2083138960766e-13
4 1 1 1.20742632803e-13
4 1 1 9.1311005466149e-14
4 1 1 9.1263018286512e-14
4 1 1 9.1189703861203e-14
4 1 1 9.1170892296238e-14
4 1 1 7.2857423385971e-14
4 1 1 7.2844373219423e-14
4 1 1 7.2834431076914e-14
4 1 1 7.2719852903398e-14
4 1 1 3.2786981186177e-14
4 1 1 3.2763959963278e-14
4 1 1 3.2721734163945e-14
4 1 1 3.2692266095961e-14
4 1 1 1.6924042413819e-14
4 1 1 1.6890164734427e-14
4 1 1 1.6880254752791e-14
4 1 1 1.6863274665682e-14
4 1 1 6.3948874757047e-15
4 1 1 6.3891300593709e-15
4 1 1 6.3850942135405e-15
4 1 1 6.373869135571e-15
4 1 1 3.7376986335585e-15
4 1 1 3.728451344315e-15
4 1 1 3.7243838762452e-15
4 1 1 3.7115009174073e-15
4 1 1 1.0307555164127e-15
4 1 1 1.0248969020662e-15
4 1 1 1.0217437655863e-15
4 1 1 1.0173113270621e-15
4 1 1 8.229114667972e-16
4 1 1 8.2100388566042e-16
4 1 1 8.1777467111482e-16
4 1 1 8.1586754040992e-16
4 1 1 6.9282075637409e-16
4 1 1 6.9087545742153e-16
4 1 1 6.9010456730364e-16
4 1 1 6.8749603468652e-16
4 1 1 4.759901270823e-16
4 1 1 4.7353300298806e-16
4 1 1 4.7238404138136e-16
4 1 1 4.7098750350387e-16
4 1 1 3.6988074987779e-16
4 1 1 3.6796442123135e-16
4 1 1 3.6682558389229e-16
4 1 1 3.6467771387921e-16
4 1 1 2.8086341809304e-16
4 1 1 2.7890821729048e-16
4 1 1 2.7720076399054e-16
4 1 1 2.7623229799869e-16
4 1 1 2.2748132720792e-16
4 1 1 2.2627345376308e-16
4 1 1 2.2507184956042e-16
4 1 1 2.2413113689582e-16
4 1 1 1.5362475995041e-16
4 1 1 1.5249963796012e-16
4 1 1 1.5129566992382e-16
4 1 1 1.5021818772792e-16
4 1 1 8.1402492963512e-17
4 1 1 8.0938264474292e-17
4 1 1 8.0052117450178e-17
4 1 1 7.9546536953969e-17
4 1 1 6.0285466494443e-17
4 1 1 5.9246229426428e-17
4 1 1 5.8485556244233e-17
4 1 1 5.7681666425313e-17
4 1 1 3.3964543468598e-17
4 1 1 3.3722476607471e-17
4 1 1 3.3200059815275e-17
4 1 1 3.2673959944198e-17
4 1 1 2.3988613489603e-17
4 1 1 2.3440492480082e-17
4 1 1 2.323477231129e-17
4 1 1 2.294799971233e-17
4 1 1 1.0915214959458e-17
4 1 1 1.0570651702735e-17
4 1 1 1.0216180677291e-17
4 1 1 9.8984417818092e-18
4 1 1 5.3839414627967e-18
4 1 1 4.9554844198882e-18
4 1 1 4.7359852504187e-18
4 1 1 4.4922509806788e-18
4 1 1 2.3291180194465e-18
4 1 1 2.0227897178425e-18
4 1 1 1.9563428234642e-18
4 1 1 1.8402459518333e-18
4 1 1 1.7901903966144e-18
4 1 1 1.6162497876134e-18
4 1 1 1.4254373281553e-18
4 1 1 1.3153560387375e-18
4 1 1 1.1852414082911e-18
4 1 1 9.6580464650415e-19
4 1 1 9.2618189410914e-19
4 1 1 7.3339819780474e-19
4 1 2 0.002494522565239
4 1 2 0.0024945224857533
4 1 2 0.0024945224233948
4 1 2 0.0024945223695198
4 1 2 0.0021802120145116
4 1 2 0.0021802119853274
4 1 2 0.0021802119204267
4 1 2 0.0021802118958431
4 1 2 0.0018515464076832
4 1 2 0.0018515463518655
4 1 2 0.0018515462957912
4 1 2 0.0018515462252327
4 1 2 0.0016487867587662
4 1 2 0.0016487867214074
4 1 2 0.0016487866905324
4 1 2 0.0016487866332848
4 1 2 0.0015695803855069
4 1 2 0.0015695803347315
4 1 2 0.0015695803005971
4 1 2 0.0015695802652054
4 1 2 0.0013597318021853
4 1 2 0.0013597317659516
4 1 2 0.0013597317395232
4 1 2 0.0013597317227919
4 1 2 0.0010937552498297
4 1 2 0.0010937552123849
4 1 2 0.0010937551968146
4 1 2 0.0010937551288195
4 1 2 0.00082852067874503
4 1 2 0.0008285206565776
4 1 2 0.00082852064050862
4 1 2 0.00082852062402846
4 1 2 0.00057866208651213
4 1 2 0.00057866208057597
4 1 2 0.00057866204313339
4 1 2 0.00057866203110066
4 1 2 0.000561558786949
4 1 2 0.00056155877245741
4 1 2 0.00056155873353151
4 1 2 0.00056155869691201
4 1 2 1.5726324897079e-11
4 1 2 1.5725627793609e-11
4 1 2 1.572419000629e-11
4 1 2 1.5722524036063e-11
4 1 2 1.4641787506714e-11
4 1 2 1.4639529261017e-11
4 1 2 1.4638861935322e-11
4 1 2 1.4637473374174e-11
4 1 2 1.1970169243229e-11
4 1 2 1.1968622385943e-11
4 1 2 1.1967611489161e-11
4 1 2 1.1966736490274e-11
4 1 2 1.1145913371195e-11
4 1 2 1.1144597501419e-11
4 1 2 1.1142787107936e-11
4 1 2 1.1142116810966e-11
4 1 2 9.1498501518318e-12
4 1 2 9.1481462060007e-12
4 1 2 9.1477222960013e-12
4 1 2 9.1461615331293e-12
4 1 2 8.1081057081468e-12
4 1 2 8.1061237490182e-12
4 1 2 8.1055532969942e-12
4 1 2 8.1045015403037e-12
4 1 2 6.7213274832159e-12
4 1 2 6.7195612142589e-12
4 1 2 6.7191702836679e-12
4 1 2 6.7180104505771e-12
4 1 2 5.0837636475047e-12
4 1 2 5.0833602463395e-12
4 1 2 5.082641091601e-12
4 1 2 5.0818089813316e-12
4 1 2 4.9854028274908e-12
4 1 2 4.9845769471709e-12
4 1 2 4.9841570208767e-12
4 1 2 4.9833356311761e-12
4 1 2 4.5513113479849e-12
4 1 2 4.5504088940896e-12
4 1 2 4.5494759795561e-12
4 1 2 4.5486340815815e-12
4 1 2 3.6152827749132e-12
4 1 2 3.6138192857348e-12
4 1 2 3.6130139484366e-12
4 1 2 3.6121153706805e-12
4 1 2 3.2924928702226e-12
4 1 2 3.2923008930573e-12
4 1 2 3.2922328628721e-12
4 1 2 3.2914577609073e-12
4 1 2 2.7491247337678e-12
4 1 2 2.7479964084445e-12
4 1 2 2.7472640057199e-12
4 1 2 2.7466903022352e-12
4 1 2 2.2863241915142e-12
4 1 2 2.2858076889586e-12
4 1 2 2.2850167755607e-12
4 1 2 2.2844870596199e-12
4 1 2 2.1701667496645e-12
4 1 2 2.1697861387524e-12
4 1 2 2.1692741429489e-12
4 1 2 2.1689234556744e-12
4 1 2 1.9020701935794e-12
4 1 2 1.9017390205685e-12
4 1 2 1.9013727391987e-12
4 1 2 1.9010350844764e-12
4 1 2 1.6721095487475e-12
4 1 2 1.6713999723747e-12
4 1 2 1.6709385828304e-12
4 1 2 1.6707543679712e-12
4 1 2 1.5197531776008e-12
4 1 2 1.519478400272e-12
4 1 2 1.5193555617784e-12
4 1 2 1.5187835669756e-12
4 1 2 1.2651058602498e-12
4 1 2 1.2647140754417e-12
4 1 2 1.264514977186e-12
4 1 2 1.2642256802423e-12
4 1 2 1.1069053263544e-12
4 1 2 1.1067191359265e-12
4 1 2 1.1064985997206e-12
4 1 2 1.1061132406303e-12
4 1 2 9.6387095988248e-13
4 1 2 9.634423670975e-13
4 1 2 9.6323711828365e-13
4 1 2 9.6300947588089e-13
4 1 2 9.5348348091079e-13
4 1 2 9.5310904324812e-13
4 1 2 9.528554150733e-13
4 1 2 9.5259887895484e-13
4 1 2 7.2914471846524e-13
4 1 2 7.2896840972989e-13
4 1 2 7.2882818799092e-13
4 1 2 7.2860630896728e-13
4 1 2 5.4167437785977e-13
4 1 2 5.4143332233637e-13
4 1 2 5.4134236195732e-13
4 1 2 5.4127810857606e-13
4 1 2 4.1978699068481e-13
4 1 2 4.197559146841e-13
4 1 2 4.1957358339594e-13
4 1 2 4.1941652232464e-13
4 1 2 2.4758098679892e-13
4 1 2 2.4749825642415e-13
4 1 2 2.4741075694911e-13
4 1 2 2.4731309192002e-13
4 1 2 2.2416961927909e-13
4 1 2 2.2412207812454e-13
4 1 2 2.2404072159483e-13
4 1 2 2.2393995944516e-13
4 1 2 1.6778868635467e-13
4 1 2 1.6769356068689e-13
4 1 2 1.6761716228587e-13
4 1 2 1.6760357859998e-13
4 1 2 9.9498088308356e-14
4 1 2 9.9460819828178e-14
4 1 2 9.9404612291153e-14
4 1 2 9.9365751972814e-14
4 1 2 3.1849868130754e-14
4 1 2 3.1822841546204e-14
4 1 2 3.1791048202287e-14
4 1 2 3.1769434385407e-14
4 1 2 1.7092635331397e-14
4 1 2 1.7083413816043e-14
4 1 2 1.7068651139831e-14
4 1 2 1.7056870204415e-14
4 1 2 6.1657411482548e-15
4 1 2 6.143314105425e-15
4 1 2 6.1396574858009e-15
4 1 2 6.1155503219603e-15
4 1 2 2.4310448551842e-15
4 1 2 2.4242844443574e-15
4 1 2 2.4143899043547e-15
4 1 2 2.4121322177736e-15
4 1 2 9.3973779491549e-16
4 1 2 9.3679444982574e-16
4 1 2 9.3425011700954e-16
4 1 2 9.3050672615483e-16
4 1 2 6.8012751493329e-16
4 1 2 6.7657487834855e-16
4 1 2 6.7416697533196e-16
4 1 2 6.7133225901095e-16
4 1 2 6.1506989191981e-16
4 1 2 6.1403002050179e-16
4 1 2 6.0984746899345e-16
4 1 2 6.0927528331363e-16
4 1 2 3.3883839494583e-16
4 1 2 3.3774903144004e-16
4 1 2 3.3703036384224e-16
4 1 2 3.3450562328786e-16
4 1 2 2.857156050302e-16
4 1 2 2.8489794531598e-16
4 1 2 2.8356940072268e-16
4 1 2 2.8158580220335e-16
4 1 2 2.2385018822988e-16
4 1 2 2.2296719079094e-16
4 1 2 2.2126444254059e-16
4 1 2 2.2106187962321e-16
4 1 2 1.5781330740175e-16
4 1 2 1.5721264084996e-16
4 1 2 1.5659196174268e-16
4 1 2 1.5575711454158e-16
4 1 2 1.1697434819714e-16
4 1 2 1.1601012321693e-16
4 1 2 1.1557621368543e-16
4 1 2 1.1418701918906e-16
4 1 2 5.0254415146398e-17
4 1 2 4.9069582025648e-17
4 1 2 4.8727981620954e-17
4 1 2 4.7946558743258e-17
4 1 2 3.8767710476964e-17
4 1 2 3.8482559066813e-17
4 1 2 3.7834898867313e-17
4 1 2 3.7193969276412e-17
4 1 2 2.9612484424197e-17
4 1 2 2.9322681810301e-17
4 1 2 2.8766857140951e-17
4 1 2 2.8493992693473e-17
4 1 2 2.1066623346231e-17
4 1 2 2.0594203780007e-17
4 1 2 1.9974010111909e-17
4 1 2 1.9790661368584e-17
4 1 2 9.8043204819086e-18
4 1 2 9.2988039578911e-18
4 1 2 8.9632287567796e-18
4 1 2 8.773473814347e-18
4 1 2 7.1582161065447e-18
4 1 2 7.061646228049e-18
4 1 2 6.7618656729402e-18
4 1 2 6.4726246500497e-18
4 1 2 4.1601387267194e-18
4 1 2 4.0632851826427e-18
4 1 2 3.7952991938257e-18
4 1 2 3.6117045209435e-18
4 1 2 2.0867600897025e-18
4 1 2 1.8679790281568e-18
4 1 2 1.7124167565942e-18
4 1 2 1.4518026806545e-18
4 1 2 1.2696271685663e-18
4 1 2 1.1242346485087e-18
4 1 2 9.5338016104708e-19
4 1 2 8.1259852486737e-19
4 1 3 0.0024946669011774
4 1 3 0.0024946668620337
4 1 3 0.0024946668266159
4 1 3 0.0024946667494989
4 1 3 0.0022262318047266
4 1 3 0.0022262317697801
4 1 3 0.0022262317601848
4 1 3 0.0022262316762933
4 1 3 0.0019728957460372
4 1 3 0.0019728957341402
4 1 3 0.0019728956747766
4 1 3 0.0019728956066262
4 1 3 0.0016647668324919
4 1 3 0.0016647668085861
4 1 3 0.0016647667503236
4 1 3 0.001664766677913
4 1 3 0.0015861366361481
4 1 3 0.0015861366065873
4 1 3 0.0015861365572365
4 1 3 0.0015861365104799
4 1 3 0.0014381046343746
4 1 3 0.0014381045898209
4 1 3 0.0014381045642525
4 1 3 0.0014381045295532
4 1 3 0.0012408643328524
4 1 3 0.00124086429106
4 1 3 0.0012408642701212
4 1 3 0.0012408642349496
4 1 3 0.0010647940053349
4 1 3 0.0010647939860871
4 1 3 0.0010647939613131
4 1 3 0.0010647939217719
4 1 3 0.00085420752550891
4 1 3 0.00085420749432335
4 1 3 0.00085420745112163
4 1 3 0.00085420744241733
4 1 3 0.00064378867285679
4 1 3 0.00064378865820959
4 1 3 0.00064378862999918
4 1 3 0.00064378860719562
4 1 3 2.2272715931223e-11
4 1 3 2.2270121487753e-11
4 1 3 2.2269424462214e-11
4 1 3 2.2265980413805e-11
4 1 3 1.308703110366e-11
4 1 3 1.3084556240573e-11
4 1 3 1.308352756717e-11
4 1 3 1.3082240263329e-11
4 1 3 1.134591037907e-11
4 1 3 1.1345320064234e-11
4 1 3 1.1344131306619e-11
4 1 3 1.1342913710795e-11
4 1 3 1.0447556936103e-11
4 1 3 1.0446780426851e-11
4 1 3 1.044614218906e-11
4 1 3 1.0444520285981e-11
4 1 3 9.1441831950864e-12
4 1 3 9.1426861552916e-12
4 1 3 9.1415772281638e-12
4 1 3 9.1404954910039e-12
4 1 3 7.883968246582e-12
4 1 3 7.8833425079477e-12
4 1 3 7.8822533583947e-12
4 1 3 7.8809972861507e-12
4 1 3 6.985243347058e-12
4 1 3 6.9844759155189e-12
4 1 3 6.9840878119278e-12
4 1 3 6.9833012654953e-12
4 1 3 6.0067223289932e-12
4 1 3 6.0055835649547e-12
4 1 3 6.0049269114536e-12
4 1 3 6.0038123655618e-12
4 1 3 5.1774711725066e-12
4 1 3 5.1768192786967e-12
4 1 3 5.1764387616891e-12
4 1 3 5.1760195742593e-12
4 1 3 3.9503350384644e-12
4 1 3 3.9494085637564e-12
4 1 3 3.9487937871184e-12
4 1 3 3.9477362212891e-12
4 1 3 3.5824884453535e-12
4 1 3 3.5819073475046e-12
4 1 3 3.5810631589753e-12
4 1 3 3.5807074016062e-12
4 1 3 3.1714606183474e-12
4 1 3 3.170785307139e-12
4 1 3 3.1705524069927e-12
4 1 3 3.1700502967433e-12
4 1 3 2.5289142158119e-12
4 1 3 2.5282674496697e-12
4 1 3 2.5281188809178e-12
4 1 3 2.5278644129467e-12
4 1 3 2.1667878718714e-12
4 1 3 2.1661918313012e-12
4 1 3 2.1658140814091e-12
4 1 3 2.1655409081222e-12
4 1 3 1.9530727737915e-12
4 1 3 1.9527375582054e-12
4 1 3 1.952459302058e-12
4 1 3 1.951964101332e-12
4 1 3 1.8715009037203e-12
4 1 3 1.8713835423469e-12
4 1 3 1.8712045375884e-12
4 1 3 1.8709687879328e-12
4 1 3 1.4428068471529e-12
4 1 3 1.4424788893155e-12
4 1 3 1.4422690804995e-12
4 1 3 1.4419256561928e-12
4 1 3 1.3813591662603e-12
4 1 3 1.3811281569751e-12
4 1 3 1.3810075727076e-12
4 1 3 1.3805848699309e-12
4 1 3 1.1090418029017e-12
4 1 3 1.1089799248922e-12
4 1 3 1.1086252208752e-12
4 1 3 1.1084992029668e-12
4 1 3 8.3460131050962e-13
4 1 3 8.3443047281322e-13
4 1 3 8.3430904903923e-13
4 1 3 8.3409943423806e-13
4 1 3 8.132074848524e-13
4 1 3 8.1303492895732e-13
4 1 3 8.1297774322593e-13
4 1 3 8.1267885977371e-13
4 1 3 5.9200367257045e-13
4 1 3 5.9191767320846e-13
4 1 3 5.916733393055e-13
4 1 3 5.9160744474862e-13
4 1 3 4.8617064043417e-13
4 1 3 4.8610611305755e-13
4 1 3 4.8600406396419e-13
4 1 3 4.8577700778426e-13
4 1 3 3.6425441949153e-13
4 1 3 3.6418410229833e-13
4 1 3 3.6407285743952e-13
4 1 3 3.6394002187056e-13
4 1 3 2.8359006238449e-13
4 1 3 2.8347042670268e-13
4 1 3 2.8343025451514e-13
4 1 3 2.8334539075476e-13
4 1 3 2.553680142703e-13
4 1 3 2.5525291346811e-13
4 1 3 2.5517875218992e-13
4 1 3 2.5511465340192e-13
4 1 3 1.2088623139983e-13
4 1 3 1.2087106360526e-13
4 1 3 1.2081393181272e-13
4 1 3 1.2074265674969e-13
4 1 3 9.1277015773236e-14
4 1 3 9.1237915355357e-14
4 1 3 9.1215243382843e-14
4 1 3 9.1159693620667e-14
4 1 3 7.2865108632964e-14
4 1 3 7.2846997123336e-14
4 1 3 7.279610124639e-14
4 1 3 7.2779668532837e-14
4 1 3 3.2778780673814e-14
4 1 3 3.2756745460195e-14
4 1 3 3.273218975103e-14
4 1 3 3.2708228864416e-14
4 1 3 1.69261222301e-14
4 1 3 1.6892064753707e-14
4 1 3 1.6883447573439e-14
4 1 3 1.6859804171052e-14
4 1 3 6.4001957816034e-15
4 1 3 6.3882471374976e-15
4 1 3 6.3798160841802e-15
4 1 3 6.3771470757707e-15
4 1 3 3.7508757540695e-15
4 1 3 3.7314764689637e-15
4 1 3 3.7245632412956e-15
4 1 3 3.7135994227883e-15
4 1 3 1.0306901347927e-15
4 1 3 1.0245994615001e-15
4 1 3 1.0210430566217e-15
4 1 3 1.0195330193784e-15
4 1 3 8.2179960258409e-16
4 1 3 8.1939759452618e-16
4 1 3 8.1851799766796e-16
4 1 3 8.1445808323814e-16
4 1 3 6.9519159872724e-16
4 1 3 6.9404398364197e-16
4 1 3 6.90350144948e-16
4 1 3 6.893675616666e-16
4 1 3 4.7511235863038e-16
4 1 3 4.7339230825143e-16
4 1 3 4.713685167399e-16
4 1 3 4.7051566139341e-16
4 1 3 3.6993047559752e-16
4 1 3 3.688384785594e-16
4 1 3 3.6701371069628e-16
4 1 3 3.6489884554751e-16
4 1 3 2.7951644028353e-16
4 1 3 2.7846513665169e-16
4 1 3 2.7757524546452e-16
4 1 3 2.7552083761428e-16
4 1 3 2.2744519990148e-16
4 1 3 2.2623656576159e-16
4 1 3 2.2462294160159e-16
4 1 3 2.2335307758591e-16
4 1 3 1.5403522312479e-16
4 1 3 1.5296910467177e-16
4 1 3 1.5233637061557e-16
4 1 3 1.5055829013103e-16
4 1 3 8.1504710370497e-17
4 1 3 8.094500184686e-17
4 1 3 7.9945523271299e-17
4 1 3 7.9113467634539e-17
4 1 3 6.0232298470931e-17
4 1 3 5.9030932928155e-17
4 1 3 5.817139014804e-17
4 1 3 5.7742674893374e-17
4 1 3 3.4722124685513e-17
4 1 3 3.4408396464984e-17
4 1 3 3.3470825891046e-17
4 1 3 3.3004091118315e-17
4 1 3 2.391057649636e-17
4 1 3 2.328144483134e-17
4 1 3 2.2913187071644e-17
4 1 3 2.2590529179719e-17
4 1 3 1.0981043863906e-17
4 1 3 1.0604988659724e-17
4 1 3 1.0283696238808e-17
4 1 3 1.0081842901589e-17
4 1 3 5.385519805858e-18
4 1 3 4.881028055355e-18
4 1 3 4.539020682085e-18
4 1 3 4.4435871160539e-18
4 1 3 2.401158082024e-18
4 1 3 2.137273254271e-18
4 1 3 2.0005741079059e-18
4 1 3 1.8067483648043e-18
4 1 3 1.6930059484376e-18
4 1 3 1.5773238344585e-18
4 1 3 1.4854676575063e-18
4 1 3 1.2809143556678e-18
4 1 3 1.1152492525289e-18
4 1 3 9.6440220658783e-19
4 1 3 8.1524298656518e-19
4 1 3 7.4362173496799e-19
4 2 0 0.002758980424873
4 2 0 0.0027589803317129
4 2 0 0.0027589802849665
4 2 0 0.0027589802378194
4 2 0 0.0024351105969168
4 2 0 0.0024351105242057
4 2 0 0.0024351104915289
4 2 0 0.0024351104564021
4 2 0 0.0020326447965377
4 2 0 0.0020326447655628
4 2 0 0.0020326446313451
4 2 0 0.0020326446078393
4 2 0 0.0016630985806024
4 2 0 0.0016630985193368
4 2 0 0.0016630984941529
4 2 0 0.0016630984496263
4 2 0 0.0016098507155801
4 2 0 0.0016098506614047
4 2 0 0.0016098506525677
4 2 0 0.001609850601699
4 2 0 0.0015517966371514
4 2 0 0.0015517965667279
4 2 0 0.0015517965257809
4 2 0 0.0015517964933107
4 2 0 0.0012626542088909
4 2 0 0.0012626541846499
4 2 0 0.0012626541587063
4 2 0 0.0012626541453472
4 2 0 0.0010456149673071
4 2 0 0.001045614952452
4 2 0 0.0010456149253495
4 2 0 0.001045614917159
4 2 0 0.00091404374763679
4 2 0 0.00091404372893219
4 2 0 0.00091404371062877
4 2 0 0.00091404367483701
4 2 0 0.00071402086239795
4 2 0 0.00071402084953484
4 2 0 0.00071402079542369
4 2 0 0.00071402078120925
4 2 0 0.0005604134341707
4 2 0 0.00056041341792424
4 2 0 0.00056041337545852
4 2 0 0.0005604133450172
4 2 0 1.3238521863428e-11
4 2 0 1.3237527623117e-11
4 2 0 1.3236359613507e-11
4 2 0 1.3235391499867e-11
4 2 0 1.1683320680175e-11
4 2 0 1.1681731772094e-11
4 2 0 1.1680711381223e-11
4 2 0 1.1679975971954e-11
4 2 0 1.1384449694065e-11
4 2 0 1.1383586486009e-11
4 2 0 1.1381516471844e-11
4 2 0 1.1380146143305e-11
4 2 0 1.0940821350608e-11
4 2 0 1.0939790509846e-11
4 2 0 1.0938422248177e-11
4 2 0 1.0937111481244e-11
4 2 0 8.7806952413884e-12
4 2 0 8.7791030257123e-12
4 2 0 8.7774957650268e-12
4 2 0 8.7765813090579e-12
4 2 0 7.0869075780053e-12
4 2 0 7.0859747314035e-12
4 2 0 7.0852374806878e-12
4 2 0 7.084534327353e-12
4 2 0 6.076620664319e-12
4 2 0 6.0746039647765e-12
4 2 0 6.0741548607209e-12
4 2 0 6.0738761844116e-12
4 2 0 4.836498642783e-12
4 2 0 4.83582302761e-12
4 2 0 4.8349458786301e-12
4 2 0 4.8342671207252e-12
4 2 0 4.500965795142e-12
4 2 0 4.5000835293126e-12
4 2 0 4.4998641988312e-12
4 2 0 4.499288957811e-12
4 2 0 4.0532715661029e-12
4 2 0 4.0530109783642e-12
4 2 0 4.0522937378238e-12
4 2 0 4.0518926573551e-12
4 2 0 2.8719638977729e-12
4 2 0 2.8715728074442e-12
4 2 0 2.8712363052351e-12
4 2 0 2.8705926963678e-12
4 2 0 2.8530967969599e-12
4 2 0 2.8523573015879e-12
4 2 0 2.8518638336081e-12
4 2 0 2.8503522045028e-12
4 2 0 2.6514258525924e-12
4 2 0 2.6511936643598e-12
4 2 0 2.6504003624691e-12
4 2 0 2.6495728580353e-12
4 2 0 2.460375495407e-12
4 2 0 2.4600359290636e-12
4 2 0 2.459854961692e-12
4 2 0 2.4596213921998e-12
4 2 0 2.3472197453712e-12
4 2 0 2.3468821062906e-12
4 2 0 2.3464108872246e-12
4 2 0 2.3457893140139e-12
4 2 0 1.904380775944e-12
4 2 0 1.904254554005e-12
4 2 0 1.9040698288296e-12
4 2 0 1.9035928307037e-12
4 2 0 1.4340242154026e-12
4 2 0 1.4338249224615e-12
4 2 0 1.4333864343578e-12
4 2 0 1.4331421090653e-12
4 2 0 1.1731644167243e-12
4 2 0 1.1728958645749e-12
4 2 0 1.1727185190283e-12
4 2 0 1.1725438616217e-12
4 2 0 9.7898044176137e-13
4 2 0 9.7875470165176e-13
4 2 0 9.784781551917e-13
4 2 0 9.7815974008224e-13
4 2 0 9.1127531163679e-13
4 2 0 9.1100242199381e-13
4 2 0 9.1090382357805e-13
4 2 0 9.106626370428e-13
4 2 0 6.8466904939811e-13
4 2 0 6.8457725560323e-13
4 2 0 6.844683147088e-13
4 2 0 6.8427098613285e-13
4 2 0 5.9143815154413e-13
4 2 0 5.9127778229244e-13
4 2 0 5.9123763058634e-13
4 2 0 5.911428166586e-13
4 2 0 4.547547893613e-13
4 2 0 4.5466163184124e-13
4 2 0 4.5461400463564e-13
4 2 0 4.5447824755983e-13
4 2 0 4.3357989749834e-13
4 2 0 4.3355083976439e-13
4 2 0 4.3348304878592e-13
4 2 0 4.3335888633858e-13
4 2 0 3.7883791214517e-13
4 2 0 3.7869727103156e-13
4 2 0 3.7859332397886e-13
4 2 0 3.7850612224305e-13
4 2 0 2.5733529150709e-13
4 2 0 2.5725821357066e-13
4 2 0 2.5721837996676e-13
4 2 0 2.5712041470059e-13
4 2 0 2.2284191140655e-13
4 2 0 2.227549629585e-13
4 2 0 2.2258927929073e-13
4 2 0 2.2253842893381e-13
4 2 0 1.0641702041784e-13
4 2 0 1.0633188966907e-13
4 2 0 1.0629256442862e-13
4 2 0 1.0619307791444e-13
4 2 0 9.9392240109349e-14
4 2 0 9.9341197366492e-14
4 2 0 9.9279174540728e-14
4 2 0 9.9209965727388e-14
4 2 0 2.8727030439976e-14
4 2 0 2.8708075403153e-14
4 2 0 2.868638466455e-14
4 2 0 2.8655769933269e-14
4 2 0 7.9319255548997e-15
4 2 0 7.9200946539861e-15
4 2 0 7.9184727982485e-15
4 2 0 7.9032580781391e-15
4 2 0 4.8133518025821e-15
4 2 0 4.8031335151502e-15
4 2 0 4.7973192828033e-15
4 2 0 4.783634854395e-15
4 2 0 3.5124499974392e-15
4 2 0 3.5074679997702e-15
4 2 0 3.4988372508764e-15
4 2 0 3.4844519796818e-15
4 2 0 8.4543875493555e-16
4 2 0 8.445049384192e-16
4 2 0 8.4136798417468e-16
4 2 0 8.4016209406222e-16
4 2 0 6.7500477105504e-16
4 2 0 6.7196731577935e-16
4 2 0 6.7137689063548e-16
4 2 0 6.6834437077465e-16
4 2 0 4.5644131900334e-16
4 2 0 4.5557733607872e-16
4 2 0 4.5361426488766e-16
4 2 0 4.5194169717511e-16
4 2 0 4.3749652567833e-16
4 2 0 4.3603581565033e-16
4 2 0 4.3284610368621e-16
4 2 0 4.3079919750151e-16
4 2 0 2.9074985555687e-16
4 2 0 2.8854875705942e-16
4 2 0 2.872985644404e-16
4 2 0 2.8568328943026e-16
4 2 0 1.9026823139116e-16
4 2 0 1.8904010067221e-16
4 2 0 1.881892612267e-16
4 2 0 1.8741765882539e-16
4 2 0 1.3175014459352e-16
4 2 0 1.3129792546973e-16
4 2 0 1.3031587067295e-16
4 2 0 1.2962784335135e-16
4 2 0 1.067600453452e-16
4 2 0 1.0563474215912e-16
4 2 0 1.0500250350155e-16
4 2 0 1.040869942244e-16
4 2 0 5.2652199769539e-17
4 2 0 5.2167486130821e-17
4 2 0 5.1639326204955e-17
4 2 0 5.0931817169427e-17
4 2 0 4.0171554121336e-17
4 2 0 3.9863329805373e-17
4 2 0 3.8965271582025e-17
4 2 0 3.8196432705458e-17
4 2 0 2.7228873680589e-17
4 2 0 2.6653403577464e-17
4 2 0 2.5874484398425e-17
4 2 0 2.5526855411106e-17
4 2 0 2.307897662937e-17
4 2 0 2.272196453496e-17
4 2 0 2.2340511265528e-17
4 2 0 2.1910306368858e-17
4 2 0 1.2184588844391e-17
4 2 0 1.1901283796579e-17
4 2 0 1.1442504167446e-17
4 2 0 1.095756310049e-17
4 2 0 6.3575957990492e-18
4 2 0 6.1561552203763e-18
4 2 0 5.9775089344642e-18
4 2 0 5.8021892817298e-18
4 2 0 4.485463831719e-18
4 2 0 4.3640991550265e-18
4 2 0 4.0668079244925e-18
4 2 0 3.7620044786418e-18
4 2 0 2.0279679345056e-18
4 2 0 1.906367989145e-18
4 2 0 1.6052094610997e-18
4 2 0 1.4058626701792e-18
4 2 0 1.3504612713982e-18
4 2 0 1.2451766981806e-18
4 2 0 1.083968173031e-18
4 2 0 9.1995635188308e-19
4 2 0 8.8025329534009e-19
4 2 0 6.9502102168476e-19
4 2 0 6.444622881017e-19
4 2 0 5.9264893406235e-19
4 2 1 0.002494522606849
4 2 1 0.0024945225569951
4 2 1 0.0024945225012898
4 2 1 0.0024945224246349
4 2 1 0.0021802120440822
4 2 1 0.002180212003046
4 2 1 0.0021802119534332
4 2 1 0.0021802119277187
4 2 1 0.0018515463907068
4 2 1 0.0018515463470475
4 2 1 0.0018515463173225
4 2 1 0.0018515462107566
4 2 1 0.0016487868369392
4 2 1 0.0016487867896432
4 2 1 0.0016487867543302
4 2 1 0.0016487866744388
4 2 1 0.0015695804627427
4 2 1 0.0015695803824794
4 2 1 0.0015695803457876
4 2 1 0.0015695803022706
4 2 1 0.0013597317974589
4 2 1 0.0013597317747111
4 2 1 0.0013597317378179
4 2 1 0.0013597317059544
4 2 1 0.0010937552260916
4 2 1 0.0010937552134523
4 2 1 0.0010937551895316
4 2 1 0.0010937551730485
4 2 1 0.00082852067729453
4 2 1 0.00082852064907816
4 2 1 0.00082852063278287
4 2 1 0.00082852061842747
4 2 1 0.00057866209982414
4 2 1 0.0005786620769895
4 2 1 0.00057866206927021
4 2 1 0.00057866206026811
4 2 1 0.000561558790797
4 2 1 0.0005615587537482
4 2 1 0.00056155874018764
4 2 1 0.00056155871288754
4 2 1 1.5726713540122e-11
4 2 1 1.5725146600118e-11
4 2 1 1.5723669856477e-11
4 2 1 1.5721197766473e-11
4 2 1 1.4638908437749e-11
4 2 1 1.463834516935e-11
4 2 1 1.4637383066749e-11
4 2 1 1.4635170298181e-11
4 2 1 1.1970734260477e-11
4 2 1 1.1968652622826e-11
4 2 1 1.196806551911e-11
4 2 1 1.1967248759579e-11
4 2 1 1.1147467496658e-11
4 2 1 1.1145221736585e-11
4 2 1 1.1143522449221e-11
4 2 1 1.1142453480974e-11
4 2 1 9.1514010359995e-12
4 2 1 9.1506658713341e-12
4 2 1 9.1495498564557e-12
4 2 1 9.1478644042508e-12
4 2 1 8.1076299414609e-12
4 2 1 8.1068015186356e-12
4 2 1 8.1062991450216e-12
4 2 1 8.1042429409305e-12
4 2 1 6.7202305988908e-12
4 2 1 6.7192222820447e-12
4 2 1 6.718690172839e-12
4 2 1 6.7172244787554e-12
4 2 1 5.084047367208e-12
4 2 1 5.0828397405749e-12
4 2 1 5.0822966483461e-12
4 2 1 5.0817375393934e-12
4 2 1 4.9853893648909e-12
4 2 1 4.9850318982628e-12
4 2 1 4.9843239650907e-12
4 2 1 4.9834085523603e-12
4 2 1 4.5513111877961e-12
4 2 1 4.5505884308202e-12
4 2 1 4.5494612746718e-12
4 2 1 4.5488261783497e-12
4 2 1 3.6144627293971e-12
4 2 1 3.6135737118803e-12
4 2 1 3.6129550129349e-12
4 2 1 3.6127187439784e-12
4 2 1 3.2930069197453e-12
4 2 1 3.2926992085172e-12
4 2 1 3.2922716576871e-12
4 2 1 3.2919367275699e-12
4 2 1 2.7496345711342e-12
4 2 1 2.7490411517496e-12
4 2 1 2.7483692998845e-12
4 2 1 2.7476765618313e-12
4 2 1 2.2862979732982e-12
4 2 1 2.2858987222616e-12
4 2 1 2.2853897140886e-12
4 2 1 2.2850587786594e-12
4 2 1 2.1706927187958e-12
4 2 1 2.1704893012387e-12
4 2 1 2.1699303473846e-12
4 2 1 2.1694985597572e-12
4 2 1 1.9022180718127e-12
4 2 1 1.9017353849778e-12
4 2 1 1.9015461090115e-12
4 2 1 1.9008736329072e-12
4 2 1 1.6714490844665e-12
4 2 1 1.67106567467e-12
4 2 1 1.670765054055e-12
4 2 1 1.6705903470624e-12
4 2 1 1.5200450371159e-12
4 2 1 1.519688195161e-12
4 2 1 1.5196418440508e-12
4 2 1 1.5189311498202e-12
4 2 1 1.2649234185049e-12
4 2 1 1.2647813558438e-12
4 2 1 1.2643970152825e-12
4 2 1 1.2641202209081e-12
4 2 1 1.1066568929982e-12
4 2 1 1.1062158498171e-12
4 2 1 1.1061787457423e-12
4 2 1 1.1060434810368e-12
4 2 1 9.6366262985782e-13
4 2 1 9.6344473854609e-13
4 2 1 9.6326332185718e-13
4 2 1 9.6300273023346e-13
4 2 1 9.5354434424531e-13
4 2 1 9.533153497964e-13
4 2 1 9.5316212390397e-13
4 2 1 9.5302369201201e-13
4 2 1 7.2882092349847e-13
4 2 1 7.2869953639723e-13
4 2 1 7.2865114354525e-13
4 2 1 7.284543351841e-13
4 2 1 5.4160254790412e-13
4 2 1 5.4155428924771e-13
4 2 1 5.4133124826392e-13
4 2 1 5.4124307455613e-13
4 2 1 4.1989045901679e-13
4 2 1 4.1970273944029e-13
4 2 1 4.1959354935401e-13
4 2 1 4.1946568335002e-13
4 2 1 2.4760947525553e-13
4 2 1 2.4753741729653e-13
4 2 1 2.4747544950193e-13
4 2 1 2.4742979618281e-13
4 2 1 2.2407296210932e-13
4 2 1 2.2398381880638e-13
4 2 1 2.2389842431688e-13
4 2 1 2.238156467873e-13
4 2 1 1.6779879907703e-13
4 2 1 1.676872598634e-13
4 2 1 1.6766196520871e-13
4 2 1 1.6760428476411e-13
4 2 1 9.9532845882795e-14
4 2 1 9.9422037259515e-14
4 2 1 9.9351353648139e-14
4 2 1 9.9285153371566e-14
4 2 1 3.1840874920001e-14
4 2 1 3.1806242645425e-14
4 2 1 3.1778602666726e-14
4 2 1 3.172932395394e-14
4 2 1 1.7103285976159e-14
4 2 1 1.7073489684606e-14
4 2 1 1.7055728692795e-14
4 2 1 1.7039843315854e-14
4 2 1 6.1544843446192e-15
4 2 1 6.1494462318238e-15
4 2 1 6.1370570128571e-15
4 2 1 6.1298378374793e-15
4 2 1 2.4394299022964e-15
4 2 1 2.4311012510383e-15
4 2 1 2.4201288274695e-15
4 2 1 2.4087550238132e-15
4 2 1 9.3798308208592e-16
4 2 1 9.3623978273444e-16
4 2 1 9.3391313911272e-16
4 2 1 9.2921975748835e-16
4 2 1 6.7942380535578e-16
4 2 1 6.7647050678067e-16
4 2 1 6.7489892714675e-16
4 2 1 6.7227670233448e-16
4 2 1 6.1476865560539e-16
4 2 1 6.1260755674159e-16
4 2 1 6.1030830468283e-16
4 2 1 6.0975915030311e-16
4 2 1 3.3869916649265e-16
4 2 1 3.3762890342682e-16
4 2 1 3.361561820628e-16
4 2 1 3.3584950079171e-16
4 2 1 2.872140816939e-16
4 2 1 2.8589676716195e-16
4 2 1 2.8360095496993e-16
4 2 1 2.8258928376105e-16
4 2 1 2.2332435381668e-16
4 2 1 2.2190034974428e-16
4 2 1 2.2148123034686e-16
4 2 1 2.1982492314404e-16
4 2 1 1.5783853056609e-16
4 2 1 1.5680123927306e-16
4 2 1 1.5595703524169e-16
4 2 1 1.5520811274019e-16
4 2 1 1.1638436624506e-16
4 2 1 1.1571913574882e-16
4 2 1 1.1482841895649e-16
4 2 1 1.1423141174139e-16
4 2 1 4.9271944537933e-17
4 2 1 4.8651262253962e-17
4 2 1 4.8042937384055e-17
4 2 1 4.7629860607884e-17
4 2 1 3.9078314428603e-17
4 2 1 3.8039561023978e-17
4 2 1 3.7973432311297e-17
4 2 1 3.7094370806053e-17
4 2 1 2.9633464086997e-17
4 2 1 2.9375619286196e-17
4 2 1 2.840584832645e-17
4 2 1 2.810075288063e-17
4 2 1 2.1073298694664e-17
4 2 1 2.075272361725e-17
4 2 1 2.0479874367704e-17
4 2 1 2.0135294138607e-17
4 2 1 9.7978527158338e-18
4 2 1 9.4864404485314e-18
4 2 1 9.2890182253504e-18
4 2 1 8.6516413386831e-18
4 2 1 7.3653115273916e-18
4 2 1 7.2362349229011e-18
4 2 1 6.9079321355765e-18
4 2 1 6.6609668598993e-18
4 2 1 4.4096918254775e-18
4 2 1 4.1684201492208e-18
4 2 1 4.0344809578134e-18
4 2 1 3.7845622443226e-18
4 2 1 1.8548606629093e-18
4 2 1 1.720857307883e-18
4 2 1 1.5636413359606e-18
4 2 1 1.3568114439027e-18
4 2 1 1.1918747240962e-18
4 2 1 9.5865919557784e-19
4 2 1 8.9441420387278e-19
4 2 1 7.553047643318e-19
4 2 2 0.0024949964712028
4 2 2 0.0024949964359335
4 2 2 0.0024949963786116
4 2 2 0.0024949962785431
4 2 2 0.0020998811820536
4 2 2 0.0020998811542981
4 2 2 0.0020998811400426
4 2 2 0.0020998811054034
4 2 2 0.0017632444246847
4 2 2 0.0017632443952321
4 2 2 0.0017632443637765
4 2 2 0.0017632443206461
4 2 2 0.0016610159916883
4 2 2 0.0016610159771041
4 2 2 0.0016610159226754
4 2 2 0.001661015892715
4 2 2 0.0016269632849689
4 2 2 0.0016269632734656
4 2 2 0.001626963223345
4 2 2 0.0016269631982728
4 2 2 0.0013554528213218
4 2 2 0.0013554527883967
4 2 2 0.0013554527705979
4 2 2 0.0013554527237913
4 2 2 0.0012609148419866
4 2 2 0.0012609148220372
4 2 2 0.0012609147976722
4 2 2 0.0012609147688026
4 2 2 0.00081571053524799
4 2 2 0.00081571052216686
4 2 2 0.0008157104957242
4 2 2 0.00081571049289455
4 2 2 0.00058723421781162
4 2 2 0.00058723419473378
4 2 2 0.00058723417510449
4 2 2 0.00058723415284236
4 2 2 0.00054801533573998
4 2 2 0.00054801532147947
4 2 2 0.00054801528603342
4 2 2 0.00054801526564923
4 2 2 0.00042176334594251
4 2 2 0.00042176333917973
4 2 2 0.0004217633197169
4 2 2 0.00042176329804475
4 2 2 2.3656074915981e-11
4 2 2 2.3653364698121e-11
4 2 2 2.3652064182491e-11
4 2 2 2.3650080501373e-11
4 2 2 1.9185490965722e-11
4 2 2 1.9183677261376e-11
4 2 2 1.9182476121441e-11
4 2 2 1.9181298879257e-11
4 2 2 1.3642356783501e-11
4 2 2 1.3641762691549e-11
4 2 2 1.3640729917277e-11
4 2 2 1.3639564690891e-11
4 2 2 9.9142306060623e-12
4 2 2 9.9139370399784e-12
4 2 2 9.9128844903042e-12
4 2 2 9.9119421726842e-12
4 2 2 9.6138792366257e-12
4 2 2 9.6131003188404e-12
4 2 2 9.6127359865273e-12
4 2 2 9.6118336601881e-12
4 2 2 6.8174975270831e-12
4 2 2 6.8167085389296e-12
4 2 2 6.8165905482936e-12
4 2 2 6.8154088755809e-12
4 2 2 5.8852341801316e-12
4 2 2 5.8837861752493e-12
4 2 2 5.8835605597072e-12
4 2 2 5.8826607650395e-12
4 2 2 5.742693833633e-12
4 2 2 5.741430915499e-12
4 2 2 5.7409606341484e-12
4 2 2 5.7398910728229e-12
4 2 2 4.6240220985459e-12
4 2 2 4.6232326896527e-12
4 2 2 4.6228331517826e-12
4 2 2 4.6219842890652e-12
4 2 2 4.5903722375166e-12
4 2 2 4.5899256971711e-12
4 2 2 4.5892694934769e-12
4 2 2 4.588335736066e-12
4 2 2 3.8204097497396e-12
4 2 2 3.8199943322782e-12
4 2 2 3.8190897262151e-12
4 2 2 3.8173967193739e-12
4 2 2 3.7857282179621e-12
4 2 2 3.7852107190722e-12
4 2 2 3.7848373024715e-12
4 2 2 3.7846484429018e-12
4 2 2 2.9654167704654e-12
4 2 2 2.9650493538228e-12
4 2 2 2.9648737533926e-12
4 2 2 2.9641722653712e-12
4 2 2 2.6885220944684e-12
4 2 2 2.6878602101691e-12
4 2 2 2.6874042513069e-12
4 2 2 2.6860940059849e-12
4 2 2 2.6778120691942e-12
4 2 2 2.6773770632076e-12
4 2 2 2.6772668722725e-12
4 2 2 2.6767257702987e-12
4 2 2 2.5517090490985e-12
4 2 2 2.551207318106e-12
4 2 2 2.5507491970364e-12
4 2 2 2.5502417153425e-12
4 2 2 1.9232773486205e-12
4 2 2 1.9229389638838e-12
4 2 2 1.9227328818162e-12
4 2 2 1.9222785099763e-12
4 2 2 1.8114775736528e-12
4 2 2 1.8107453955175e-12
4 2 2 1.8105236208274e-12
4 2 2 1.8100540304464e-12
4 2 2 1.4132137193224e-12
4 2 2 1.4130339269075e-12
4 2 2 1.412969634414e-12
4 2 2 1.4125267978437e-12
4 2 2 1.3444558448213e-12
4 2 2 1.3442670537329e-12
4 2 2 1.3440731064277e-12
4 2 2 1.3438916318131e-12
4 2 2 1.2717926089445e-12
4 2 2 1.2715601620872e-12
4 2 2 1.2714146578994e-12
4 2 2 1.2710539951194e-12
4 2 2 9.6594896215717e-13
4 2 2 9.655780707546e-13
4 2 2 9.6534121567494e-13
4 2 2 9.6519299502952e-13
4 2 2 8.068417797072e-13
4 2 2 8.0660118964827e-13
4 2 2 8.0644352335478e-13
4 2 2 8.0636476477946e-13
4 2 2 7.6588955523816e-13
4 2 2 7.657113302813e-13
4 2 2 7.654644455526e-13
4 2 2 7.6539853411519e-13
4 2 2 6.7742692631119e-13
4 2 2 6.7722930795211e-13
4 2 2 6.7709970420997e-13
4 2 2 6.769951796845e-13
4 2 2 5.81180482326e-13
4 2 2 5.8110577213379e-13
4 2 2 5.8100595946262e-13
4 2 2 5.808075827383e-13
4 2 2 5.6844619926836e-13
4 2 2 5.6830069718639e-13
4 2 2 5.6805526994017e-13
4 2 2 5.6799415687021e-13
4 2 2 2.4705773588553e-13
4 2 2 2.4697998099021e-13
4 2 2 2.4694293112065e-13
4 2 2 2.4686581182119e-13
4 2 2 1.2114900894913e-13
4 2 2 1.2108938131746e-13
4 2 2 1.2103532764827e-13
4 2 2 1.2098880065244e-13
4 2 2 3.1012724293072e-14
4 2 2 3.0993988518746e-14
4 2 2 3.0977756298506e-14
4 2 2 3.0944849560374e-14
4 2 2 8.4612559083293e-15
4 2 2 8.4546540885199e-15
4 2 2 8.4426464741926e-15
4 2 2 8.4372478644539e-15
4 2 2 4.2993291715747e-15
4 2 2 4.2859270264066e-15
4 2 2 4.2758169942783e-15
4 2 2 4.2713580243746e-15
4 2 2 2.0097697078091e-15
4 2 2 2.0015072218876e-15
4 2 2 1.9952624656897e-15
4 2 2 1.9930938639852e-15
4 2 2 1.100056619897e-15
4 2 2 1.0958127147661e-15
4 2 2 1.091172326349e-15
4 2 2 1.0897638727643e-15
4 2 2 7.5747269794175e-16
4 2 2 7.5556745096997e-16
4 2 2 7.5289342023131e-16
4 2 2 7.51571871463e-16
4 2 2 3.7898104019348e-16
4 2 2 3.7798142511849e-16
4 2 2 3.7621704560766e-16
4 2 2 3.7459696563161e-16
4 2 2 1.9976795984878e-16
4 2 2 1.9908625744289e-16
4 2 2 1.9787264365542e-16
4 2 2 1.9694667623588e-16
4 2 2 1.9584203789364e-16
4 2 2 1.9513457803965e-16
4 2 2 1.9440486891779e-16
4 2 2 1.9348803384086e-16
4 2 2 1.1685611122507e-16
4 2 2 1.1647140035669e-16
4 2 2 1.154223102495e-16
4 2 2 1.1455301957982e-16
4 2 2 9.0898954107301e-17
4 2 2 9.0061861456014e-17
4 2 2 8.9574759444386e-17
4 2 2 8.850030527835e-17
4 2 2 8.1699503548013e-17
4 2 2 8.0977729995524e-17
4 2 2 8.068597737934e-17
4 2 2 7.9783880183192e-17
4 2 2 4.7335515440953e-17
4 2 2 4.6728579539549e-17
4 2 2 4.6470646724816e-17
4 2 2 4.5680980792543e-17
4 2 2 4.5205911229876e-17
4 2 2 4.4756828591485e-17
4 2 2 4.4592855429242e-17
4 2 2 4.3696699026188e-17
4 2 2 2.8233715431066e-17
4 2 2 2.7580903809451e-17
4 2 2 2.7138778687302e-17
4 2 2 2.6632821423548e-17
4 2 2 2.0952608053956e-17
4 2 2 2.0563106466144e-17
4 2 2 2.0237545656925e-17
4 2 2 1.9809219219905e-17
4 2 2 1.805433906447e-17
4 2 2 1.7542922912132e-17
4 2 2 1.7238351603087e-17
4 2 2 1.6995460842407e-17
4 2 2 9.399435069767e-18
4 2 2 9.1141537849853e-18
4 2 2 8.764877999308e-18
4 2 2 8.3137698161045e-18
4 2 2 5.8450572540106e-18
4 2 2 5.4174266997945e-18
4 2 2 5.2936251105244e-18
4 2 2 5.1062512921127e-18
4 2 2 2.2529814372593e-18
4 2 2 2.0949736802801e-18
4 2 2 1.9335650344073e-18
4 2 2 1.8409694428179e-18
4 2 2 1.608739108108e-18
4 2 2 1.4998408653262e-18
4 2 2 1.3107124608021e-18
4 2 2 1.1337423690713e-18
4 2 2 1.1031415346733e-18
4 2 2 9.3653538411963e-19
4 2 2 7.9220867119585e-19
4 2 2 6.8394132017334e-19
4 2 3 0.0024945226086428
4 2 3 0.0024945225759051
4 2 3 0.0024945225089772
4 2 3 0.0024945224276503
4 2 3 0.0021802120243284
4 2 3 0.0021802119890191
4 2 3 0.0021802119655328
4 2 3 0.002180211924572
4 2 3 0.0018515464120177
4 2 3 0.0018515463618475
4 2 3 0.0018515463206903
4 2 3 0.0018515462063174
4 2 3 0.001648786846975
4 2 3 0.0016487867956577
4 2 3 0.001648786745745
4 2 3 0.0016487866759904
4 2 3 0.0015695804167024
4 2 3 0.0015695803850959
4 2 3 0.001569580348527
4 2 3 0.0015695803051719
4 2 3 0.0013597318021339
4 2 3 0.0013597317744559
4 2 3 0.0013597317484144
4 2 3 0.0013597317015612
4 2 3 0.0010937552450499
4 2 3 0.0010937552057642
4 2 3 0.0010937551902833
4 2 3 0.0010937551541098
4 2 3 0.0008285206861026
4 2 3 0.00082852065973746
4 2 3 0.00082852062392609
4 2 3 0.00082852061340456
4 2 3 0.00057866210448708
4 2 3 0.00057866207148165
4 2 3 0.00057866205860392
4 2 3 0.00057866204342176
4 2 3 0.00056155878244492
4 2 3 0.00056155876384185
4 2 3 0.00056155874936038
4 2 3 0.00056155870817803
4 2 3 1.5727386352066e-11
4 2 3 1.5725325749198e-11
4 2 3 1.5724387257491e-11
4 2 3 1.5723111252248e-11
4 2 3 1.4640034997022e-11
4 2 3 1.4638161585944e-11
4 2 3 1.4637567816185e-11
4 2 3 1.4635419428521e-11
4 2 3 1.1970631136005e-11
4 2 3 1.1969343417765e-11
4 2 3 1.1968448971813e-11
4 2 3 1.1966467885622e-11
4 2 3 1.1147333554702e-11
4 2 3 1.1144993212119e-11
4 2 3 1.1144066960316e-11
4 2 3 1.1142969574504e-11
4 2 3 9.151378940014e-12
4 2 3 9.1497435101848e-12
4 2 3 9.1489487162418e-12
4 2 3 9.1482544646492e-12
4 2 3 8.1075274613734e-12
4 2 3 8.1065731649792e-12
4 2 3 8.1061067056874e-12
4 2 3 8.1047784428699e-12
4 2 3 6.7210628439448e-12
4 2 3 6.7198956679879e-12
4 2 3 6.7188166227368e-12
4 2 3 6.7179195821135e-12
4 2 3 5.0838291417329e-12
4 2 3 5.0832303879388e-12
4 2 3 5.0824636510845e-12
4 2 3 5.081683593339e-12
4 2 3 4.985807491145e-12
4 2 3 4.9847539041968e-12
4 2 3 4.983973088783e-12
4 2 3 4.9835148813982e-12
4 2 3 4.5515360971839e-12
4 2 3 4.5501625865215e-12
4 2 3 4.5500580688697e-12
4 2 3 4.5489924260749e-12
4 2 3 3.6146596614892e-12
4 2 3 3.6133494276227e-12
4 2 3 3.6130596435094e-12
4 2 3 3.6125535433999e-12
4 2 3 3.2933655787751e-12
4 2 3 3.2929281391146e-12
4 2 3 3.292212591861e-12
4 2 3 3.2918630209122e-12
4 2 3 2.7497368204184e-12
4 2 3 2.7491755243674e-12
4 2 3 2.7480873617115e-12
4 2 3 2.7475063199488e-12
4 2 3 2.286532894973e-12
4 2 3 2.2857965762075e-12
4 2 3 2.2854807832726e-12
4 2 3 2.2849842096812e-12
4 2 3 2.1707550555631e-12
4 2 3 2.1701692841809e-12
4 2 3 2.1698403498967e-12
4 2 3 2.1694108370504e-12
4 2 3 1.9021827588812e-12
4 2 3 1.9018301566806e-12
4 2 3 1.9014160523834e-12
4 2 3 1.9009673234392e-12
4 2 3 1.6713680288246e-12
4 2 3 1.6711914048106e-12
4 2 3 1.6705767125396e-12
4 2 3 1.6703493061704e-12
4 2 3 1.5199106785682e-12
4 2 3 1.5196778278512e-12
4 2 3 1.5194530800726e-12
4 2 3 1.5190443766692e-12
4 2 3 1.2647867902987e-12
4 2 3 1.2646095606675e-12
4 2 3 1.264468926044e-12
4 2 3 1.2640898715102e-12
4 2 3 1.1067377141142e-12
4 2 3 1.1063977711278e-12
4 2 3 1.1061980073676e-12
4 2 3 1.1059120784879e-12
4 2 3 9.6374758288735e-13
4 2 3 9.6352386258167e-13
4 2 3 9.632494518625e-13
4 2 3 9.6312833342817e-13
4 2 3 9.533998891829e-13
4 2 3 9.5328740085088e-13
4 2 3 9.5307591940169e-13
4 2 3 9.5288007979629e-13
4 2 3 7.2900233023559e-13
4 2 3 7.2881524852573e-13
4 2 3 7.2870897280391e-13
4 2 3 7.2852989757624e-13
4 2 3 5.4170336327399e-13
4 2 3 5.4144919024052e-13
4 2 3 5.4134277859858e-13
4 2 3 5.4117878688157e-13
4 2 3 4.1983463926345e-13
4 2 3 4.196770886824e-13
4 2 3 4.1957420004659e-13
4 2 3 4.1948646687929e-13
4 2 3 2.4764005624251e-13
4 2 3 2.4755546495343e-13
4 2 3 2.4745769260525e-13
4 2 3 2.4740195582471e-13
4 2 3 2.2410707297144e-13
4 2 3 2.239717132262e-13
4 2 3 2.2391718425245e-13
4 2 3 2.2381113192376e-13
4 2 3 1.6774361798893e-13
4 2 3 1.6768580650905e-13
4 2 3 1.6763315688766e-13
4 2 3 1.6752181048508e-13
4 2 3 9.9491526054298e-14
4 2 3 9.941944708578e-14
4 2 3 9.9377996966267e-14
4 2 3 9.9311889173452e-14
4 2 3 3.1825399640388e-14
4 2 3 3.1800116846167e-14
4 2 3 3.1780924272638e-14
4 2 3 3.1753545552717e-14
4 2 3 1.7098894996512e-14
4 2 3 1.708128829914e-14
4 2 3 1.7061616239513e-14
4 2 3 1.7035849598631e-14
4 2 3 6.1546334197971e-15
4 2 3 6.1450478752356e-15
4 2 3 6.140097903415e-15
4 2 3 6.1312007883327e-15
4 2 3 2.4404460435758e-15
4 2 3 2.4314994863886e-15
4 2 3 2.4227136664077e-15
4 2 3 2.4201573451882e-15
4 2 3 9.411921500855e-16
4 2 3 9.35050680064e-16
4 2 3 9.3266440791274e-16
4 2 3 9.3024676776882e-16
4 2 3 6.7836914517338e-16
4 2 3 6.7599621407832e-16
4 2 3 6.7349281163758e-16
4 2 3 6.7167204005617e-16
4 2 3 6.1509967644962e-16
4 2 3 6.1327624938542e-16
4 2 3 6.1202771245683e-16
4 2 3 6.1112251026378e-16
4 2 3 3.3861921260257e-16
4 2 3 3.3771822491407e-16
4 2 3 3.3733524599092e-16
4 2 3 3.3548857582117e-16
4 2 3 2.8663553398541e-16
4 2 3 2.8583006544963e-16
4 2 3 2.8426607857697e-16
4 2 3 2.8159377371567e-16
4 2 3 2.2338730411165e-16
4 2 3 2.223477308354e-16
4 2 3 2.2162827759697e-16
4 2 3 2.1880568334537e-16
4 2 3 1.586014185152e-16
4 2 3 1.572152720802e-16
4 2 3 1.5652987567212e-16
4 2 3 1.5497008907575e-16
4 2 3 1.1677446547355e-16
4 2 3 1.1592852656906e-16
4 2 3 1.1512426110171e-16
4 2 3 1.1422184112092e-16
4 2 3 4.9318007277942e-17
4 2 3 4.8566977205033e-17
4 2 3 4.8009934679564e-17
4 2 3 4.7532943795591e-17
4 2 3 3.9440881159345e-17
4 2 3 3.8582142783579e-17
4 2 3 3.791129957531e-17
4 2 3 3.7400419937874e-17
4 2 3 2.9658979543012e-17
4 2 3 2.9432254182997e-17
4 2 3 2.8792789812259e-17
4 2 3 2.8242917627284e-17
4 2 3 2.0952896657899e-17
4 2 3 2.053886778499e-17
4 2 3 2.032359211942e-17
4 2 3 1.9516056854697e-17
4 2 3 1.0155255947646e-17
4 2 3 9.5996854385226e-18
4 2 3 9.4736174768429e-18
4 2 3 8.961438777809e-18
4 2 3 7.4156603875097e-18
4 2 3 7.1708695463953e-18
4 2 3 6.9635306661619e-18
4 2 3 6.688738034032e-18
4 2 3 4.4188605826258e-18
4 2 3 4.0463880251071e-18
4 2 3 3.7708930166634e-18
4 2 3 3.7235285448972e-18
4 2 3 2.1196783389552e-18
4 2 3 1.7516456976118e-18
4 2 3 1.6090179900145e-18
4 2 3 1.5045633734673e-18
4 2 3 1.2388564527621e-18
4 2 3 1.0959774433259e-18
4 2 3 9.0338514795369e-19
4 2 3 7.5900618200871e-19
4 3 0 0.0027589875683371
4 3 0 0.0027589874538954
4 3 0 0.0027589874227961
4 3 0 0.0027589873554907
4 3 0 0.002441181333563
4 3 0 0.0024411812337306
4 3 0 0.0024411811735144
4 3 0 0.0024411811228195
4 3 0 0.0021312138669878
4 3 0 0.0021312138427175
4 3 0 0.0021312137641787
4 3 0 0.0021312137128906
4 3 0 0.0018156322153198
4 3 0 0.0018156321561075
4 3 0 0.0018156320686425
4 3 0 0.0018156320364557
4 3 0 0.0015519820598276
4 3 0 0.0015519819962267
4 3 0 0.0015519819733611
4 3 0 0.0015519819377366
4 3 0 0.001480869611594
4 3 0 0.0014808695578561
4 3 0 0.0014808695155225
4 3 0 0.0014808694809696
4 3 0 0.0013765472037962
4 3 0 0.0013765471749231
4 3 0 0.0013765471298383
4 3 0 0.0013765471184169
4 3 0 0.0010842916438261
4 3 0 0.0010842916300249
4 3 0 0.0010842915960398
4 3 0 0.0010842915657274
4 3 0 0.0008463860555629
4 3 0 0.00084638603232473
4 3 0 0.00084638599186444
4 3 0 0.00084638597859659
4 3 0 0.00067079176050633
4 3 0 0.00067079173456408
4 3 0 0.00067079172754735
4 3 0 0.00067079170439278
4 3 0 1.9468179514967e-11
4 3 0 1.9466668195083e-11
4 3 0 1.9465424600642e-11
4 3 0 1.9463944867488e-11
4 3 0 1.4170909789635e-11
4 3 0 1.4170173015394e-11
4 3 0 1.4167554562943e-11
4 3 0 1.4166719546246e-11
4 3 0 1.2990019653105e-11
4 3 0 1.2987881513102e-11
4 3 0 1.2986851269063e-11
4 3 0 1.2984804788598e-11
4 3 0 1.0200570780279e-11
4 3 0 1.0198978775386e-11
4 3 0 1.0197991772106e-11
4 3 0 1.0197281235436e-11
4 3 0 9.7623751341372e-12
4 3 0 9.7617457847625e-12
4 3 0 9.7609101267849e-12
4 3 0 9.7595828194731e-12
4 3 0 7.2222211659936e-12
4 3 0 7.2208974989652e-12
4 3 0 7.220340369741e-12
4 3 0 7.218538952578e-12
4 3 0 6.5652791564765e-12
4 3 0 6.564434867828e-12
4 3 0 6.5635475589701e-12
4 3 0 6.5626662545476e-12
4 3 0 5.561707036199e-12
4 3 0 5.5610905593241e-12
4 3 0 5.5601131972364e-12
4 3 0 5.5592150411731e-12
4 3 0 5.1400933188287e-12
4 3 0 5.1385880349528e-12
4 3 0 5.137959642561e-12
4 3 0 5.1370778932498e-12
4 3 0 3.8923425776422e-12
4 3 0 3.8916737742209e-12
4 3 0 3.8914177614346e-12
4 3 0 3.8902738262692e-12
4 3 0 3.3733169100256e-12
4 3 0 3.3729543104781e-12
4 3 0 3.3725447422398e-12
4 3 0 3.3719363281001e-12
4 3 0 2.7433212010077e-12
4 3 0 2.7424686595709e-12
4 3 0 2.7422114973679e-12
4 3 0 2.7417707827502e-12
4 3 0 2.2427253482517e-12
4 3 0 2.2423400681689e-12
4 3 0 2.2419143448044e-12
4 3 0 2.241549337803e-12
4 3 0 2.1359774978153e-12
4 3 0 2.1355101730646e-12
4 3 0 2.1352320164058e-12
4 3 0 2.1350679055635e-12
4 3 0 2.0809507682308e-12
4 3 0 2.0801684386132e-12
4 3 0 2.0798695563409e-12
4 3 0 2.0794594575395e-12
4 3 0 1.5098890451876e-12
4 3 0 1.5094615640541e-12
4 3 0 1.5091496850637e-12
4 3 0 1.5088554502496e-12
4 3 0 1.4264194243474e-12
4 3 0 1.4260571091347e-12
4 3 0 1.4259051817449e-12
4 3 0 1.425364871148e-12
4 3 0 1.2735590082164e-12
4 3 0 1.2734556748259e-12
4 3 0 1.2732371746844e-12
4 3 0 1.2729350590193e-12
4 3 0 1.0943951074899e-12
4 3 0 1.0941281476885e-12
4 3 0 1.0940251439273e-12
4 3 0 1.093729152257e-12
4 3 0 9.2593710810643e-13
4 3 0 9.2572527926989e-13
4 3 0 9.2543004675825e-13
4 3 0 9.251592674456e-13
4 3 0 6.5042817441074e-13
4 3 0 6.5031928344043e-13
4 3 0 6.5005551089123e-13
4 3 0 6.4997881271622e-13
4 3 0 6.1056562068236e-13
4 3 0 6.1043886612815e-13
4 3 0 6.1027991210286e-13
4 3 0 6.1014027778638e-13
4 3 0 4.8734600164164e-13
4 3 0 4.8729399394125e-13
4 3 0 4.871394096393e-13
4 3 0 4.8700548834992e-13
4 3 0 3.2705705868773e-13
4 3 0 3.2698593119975e-13
4 3 0 3.2690480569028e-13
4 3 0 3.2681971386293e-13
4 3 0 2.4334763384e-13
4 3 0 2.4319901144824e-13
4 3 0 2.4305940885913e-13
4 3 0 2.4301301154086e-13
4 3 0 1.9113403135658e-13
4 3 0 1.9106365464739e-13
4 3 0 1.9097837490064e-13
4 3 0 1.9084847337403e-13
4 3 0 1.2814716328653e-13
4 3 0 1.2810464226352e-13
4 3 0 1.2798163453503e-13
4 3 0 1.2794352733828e-13
4 3 0 6.5608299743443e-14
4 3 0 6.5518100133306e-14
4 3 0 6.5452065606138e-14
4 3 0 6.5407456118786e-14
4 3 0 4.6059332224507e-14
4 3 0 4.602647236895e-14
4 3 0 4.6011112056002e-14
4 3 0 4.598778292016e-14
4 3 0 4.155901686232e-14
4 3 0 4.1514479816058e-14
4 3 0 4.1476256321953e-14
4 3 0 4.1446359571425e-14
4 3 0 9.6409220793153e-15
4 3 0 9.6267169380473e-15
4 3 0 9.6211200849764e-15
4 3 0 9.6054125136193e-15
4 3 0 5.6746093542136e-15
4 3 0 5.6646430466471e-15
4 3 0 5.6464971977363e-15
4 3 0 5.6332695518768e-15
4 3 0 4.3497977743122e-15
4 3 0 4.3341348918651e-15
4 3 0 4.3250605570195e-15
4 3 0 4.321021029342e-15
4 3 0 1.0429525785584e-15
4 3 0 1.0418494204236e-15
4 3 0 1.0393483078544e-15
4 3 0 1.0355216545837e-15
4 3 0 7.0660235492509e-16
4 3 0 7.0349472982305e-16
4 3 0 6.9976762964565e-16
4 3 0 6.9766733956008e-16
4 3 0 6.3437590748806e-16
4 3 0 6.317728517113e-16
4 3 0 6.3017130304385e-16
4 3 0 6.2864397525604e-16
4 3 0 4.3058093822917e-16
4 3 0 4.2801492627727e-16
4 3 0 4.2628778680565e-16
4 3 0 4.2597613374863e-16
4 3 0 3.5233894001998e-16
4 3 0 3.5113299831107e-16
4 3 0 3.5003488082091e-16
4 3 0 3.4816086191507e-16
4 3 0 2.0127746609439e-16
4 3 0 2.0025226550391e-16
4 3 0 1.9890166834984e-16
4 3 0 1.978745323596e-16
4 3 0 1.6873307756057e-16
4 3 0 1.6810269586424e-16
4 3 0 1.6669112263652e-16
4 3 0 1.6460053057311e-16
4 3 0 1.4327497636651e-16
4 3 0 1.4292539100403e-16
4 3 0 1.415432422626e-16
4 3 0 1.4075445954579e-16
4 3 0 5.5355199849814e-17
4 3 0 5.4255133399025e-17
4 3 0 5.3852466084703e-17
4 3 0 5.3170773860476e-17
4 3 0 4.851967483554e-17
4 3 0 4.8045092388353e-17
4 3 0 4.7433415379583e-17
4 3 0 4.6745559050418e-17
4 3 0 3.3983172785319e-17
4 3 0 3.3453129195298e-17
4 3 0 3.3179468554046e-17
4 3 0 3.2571599229779e-17
4 3 0 2.3318754643566e-17
4 3 0 2.2821023051823e-17
4 3 0 2.247384243519e-17
4 3 0 2.1652304400516e-17
4 3 0 1.2330969362006e-17
4 3 0 1.190429683361e-17
4 3 0 1.1400966882256e-17
4 3 0 1.1135010333406e-17
4 3 0 4.558077115526e-18
4 3 0 4.4603052409078e-18
4 3 0 4.198504732411e-18
4 3 0 3.8135322564793e-18
4 3 0 2.5259969967634e-18
4 3 0 2.3740356426729e-18
4 3 0 2.0564592830021e-18
4 3 0 1.9471305742348e-18
4 3 0 1.7044666275156e-18
4 3 0 1.5890249255373e-18
4 3 0 1.4733992980662e-18
4 3 0 1.349311200008e-18
4 3 0 1.2472546342818e-18
4 3 0 1.1387347488564e-18
4 3 0 9.8832975218448e-19
4 3 0 8.4970186633885e-19
4 3 1 0.0024946668909344
4 3 1 0.0024946668434564
4 3 1 0.0024946667885346
4 3 1 0.0024946667509231
4 3 1 0.0022262317991936
4 3 1 0.0022262317848312
4 3 1 0.0022262317600521
4 3 1 0.002226231677038
4 3 1 0.0019728957659352
4 3 1 0.0019728957255141
4 3 1 0.0019728956651489
4 3 1 0.0019728956072782
4 3 1 0.0016647668306426
4 3 1 0.0016647668079094
4 3 1 0.001664766754918
4 3 1 0.0016647666942264
4 3 1 0.0015861366297037
4 3 1 0.0015861365890867
4 3 1 0.0015861365491947
4 3 1 0.0015861365196718
4 3 1 0.0014381046475525
4 3 1 0.0014381045976992
4 3 1 0.0014381045572557
4 3 1 0.0014381045180702
4 3 1 0.0012408643308196
4 3 1 0.0012408642818634
4 3 1 0.0012408642679863
4 3 1 0.0012408642414398
4 3 1 0.0010647940034179
4 3 1 0.0010647939809773
4 3 1 0.0010647939659208
4 3 1 0.0010647939347588
4 3 1 0.00085420751888344
4 3 1 0.00085420749259783
4 3 1 0.00085420747750884
4 3 1 0.0008542074522362
4 3 1 0.00064378868049585
4 3 1 0.00064378865485352
4 3 1 0.00064378863877438
4 3 1 0.00064378861747629
4 3 1 2.2272425967139e-11
4 3 1 2.2270616466949e-11
4 3 1 2.2268865796095e-11
4 3 1 2.2266058665766e-11
4 3 1 1.3086835782509e-11
4 3 1 1.3084778409335e-11
4 3 1 1.3083267937915e-11
4 3 1 1.3082652166208e-11
4 3 1 1.1346161798597e-11
4 3 1 1.1345522984935e-11
4 3 1 1.1344326615995e-11
4 3 1 1.1344047065678e-11
4 3 1 1.0448015549989e-11
4 3 1 1.04474164693e-11
4 3 1 1.0445392341321e-11
4 3 1 1.0444292863449e-11
4 3 1 9.1442032076297e-12
4 3 1 9.1427627376784e-12
4 3 1 9.1418856740188e-12
4 3 1 9.140695671966e-12
4 3 1 7.8837787757382e-12
4 3 1 7.8830207202804e-12
4 3 1 7.8815814345205e-12
4 3 1 7.8801533694386e-12
4 3 1 6.985130706502e-12
4 3 1 6.9847172750119e-12
4 3 1 6.9843973775136e-12
4 3 1 6.983079634915e-12
4 3 1 6.0065420871505e-12
4 3 1 6.0058408219636e-12
4 3 1 6.0046739225738e-12
4 3 1 6.0033858184912e-12
4 3 1 5.1774684999453e-12
4 3 1 5.1770473144677e-12
4 3 1 5.1767549766215e-12
4 3 1 5.1761056662439e-12
4 3 1 3.949958257541e-12
4 3 1 3.9492590484687e-12
4 3 1 3.9487982124642e-12
4 3 1 3.947852479889e-12
4 3 1 3.5823692184624e-12
4 3 1 3.5815892007158e-12
4 3 1 3.5810360765619e-12
4 3 1 3.5807693886051e-12
4 3 1 3.1714640854833e-12
4 3 1 3.1710347716607e-12
4 3 1 3.1704736419828e-12
4 3 1 3.1702186614936e-12
4 3 1 2.5289642036056e-12
4 3 1 2.5283727779233e-12
4 3 1 2.5278676333269e-12
4 3 1 2.5276712555812e-12
4 3 1 2.1665834626181e-12
4 3 1 2.1663097562287e-12
4 3 1 2.1657128594289e-12
4 3 1 2.165410946587e-12
4 3 1 1.9529551221816e-12
4 3 1 1.9527016414961e-12
4 3 1 1.9525441174149e-12
4 3 1 1.9519194012056e-12
4 3 1 1.871683065495e-12
4 3 1 1.8715447911213e-12
4 3 1 1.8713469392378e-12
4 3 1 1.8710760750593e-12
4 3 1 1.442901609225e-12
4 3 1 1.4424761722053e-12
4 3 1 1.4422147154012e-12
4 3 1 1.4419398600469e-12
4 3 1 1.3813217963099e-12
4 3 1 1.381018122419e-12
4 3 1 1.3808560578171e-12
4 3 1 1.3805507918137e-12
4 3 1 1.1090317037682e-12
4 3 1 1.1089187627871e-12
4 3 1 1.1086960589368e-12
4 3 1 1.108479825733e-12
4 3 1 8.3480325753299e-13
4 3 1 8.3443971301537e-13
4 3 1 8.342404559792e-13
4 3 1 8.3410078364534e-13
4 3 1 8.1311860189525e-13
4 3 1 8.1308266374784e-13
4 3 1 8.1299334617354e-13
4 3 1 8.1273757802726e-13
4 3 1 5.9203983376308e-13
4 3 1 5.9189021257307e-13
4 3 1 5.9181591087428e-13
4 3 1 5.9151142901883e-13
4 3 1 4.8622190615463e-13
4 3 1 4.8606407248511e-13
4 3 1 4.8599123416125e-13
4 3 1 4.8579815071246e-13
4 3 1 3.6430903027922e-13
4 3 1 3.6414653365988e-13
4 3 1 3.639985507799e-13
4 3 1 3.6387042756439e-13
4 3 1 2.8359293481654e-13
4 3 1 2.8352177871119e-13
4 3 1 2.8345352148204e-13
4 3 1 2.8332335085511e-13
4 3 1 2.5537526145102e-13
4 3 1 2.5531641231883e-13
4 3 1 2.5521110830083e-13
4 3 1 2.5519190705758e-13
4 3 1 1.2088203431113e-13
4 3 1 1.2084686940167e-13
4 3 1 1.2079515634359e-13
4 3 1 1.2077269767898e-13
4 3 1 9.1296282819436e-14
4 3 1 9.1224195414792e-14
4 3 1 9.1207944060395e-14
4 3 1 9.1149901269235e-14
4 3 1 7.2879462535544e-14
4 3 1 7.2836877585564e-14
4 3 1 7.2803153134422e-14
4 3 1 7.2762378115914e-14
4 3 1 3.2789099334904e-14
4 3 1 3.2767379351555e-14
4 3 1 3.2730478247605e-14
4 3 1 3.2686433667555e-14
4 3 1 1.6926205438608e-14
4 3 1 1.6899458640903e-14
4 3 1 1.6896457169213e-14
4 3 1 1.6865344478696e-14
4 3 1 6.4014808591329e-15
4 3 1 6.3903730510193e-15
4 3 1 6.3787432596035e-15
4 3 1 6.371534595423e-15
4 3 1 3.7404420873088e-15
4 3 1 3.7247291918482e-15
4 3 1 3.720220288014e-15
4 3 1 3.7044751348271e-15
4 3 1 1.0261621384274e-15
4 3 1 1.0235570926292e-15
4 3 1 1.0217057331217e-15
4 3 1 1.0197823253668e-15
4 3 1 8.2374340039982e-16
4 3 1 8.2178969226539e-16
4 3 1 8.1813784001956e-16
4 3 1 8.1573167682249e-16
4 3 1 6.9485505266605e-16
4 3 1 6.926246670231e-16
4 3 1 6.9067510441085e-16
4 3 1 6.8768155156068e-16
4 3 1 4.7554495151925e-16
4 3 1 4.7311017579252e-16
4 3 1 4.7214550092128e-16
4 3 1 4.7030585184864e-16
4 3 1 3.6925638858962e-16
4 3 1 3.6844454990672e-16
4 3 1 3.6738800133399e-16
4 3 1 3.6603015738512e-16
4 3 1 2.8111795749679e-16
4 3 1 2.7995333886686e-16
4 3 1 2.7819065670668e-16
4 3 1 2.7679374793675e-16
4 3 1 2.2798334520739e-16
4 3 1 2.2622246270747e-16
4 3 1 2.2557405345521e-16
4 3 1 2.2383169047382e-16
4 3 1 1.5459872796356e-16
4 3 1 1.5267075787784e-16
4 3 1 1.5068377701447e-16
4 3 1 1.4996629439644e-16
4 3 1 8.209553152068e-17
4 3 1 8.075282777774e-17
4 3 1 8.0477717226663e-17
4 3 1 7.9637613768335e-17
4 3 1 6.0039522351336e-17
4 3 1 5.9742455451087e-17
4 3 1 5.8914660429756e-17
4 3 1 5.7909886337472e-17
4 3 1 3.4406215077906e-17
4 3 1 3.3563432403811e-17
4 3 1 3.306991421441e-17
4 3 1 3.2779673399261e-17
4 3 1 2.4285931471362e-17
4 3 1 2.3581324090585e-17
4 3 1 2.3241766947809e-17
4 3 1 2.2885619521354e-17
4 3 1 1.1026137978682e-17
4 3 1 1.0734942328761e-17
4 3 1 1.0488708874091e-17
4 3 1 1.0175325802461e-17
4 3 1 5.3514531858541e-18
4 3 1 4.9548269105046e-18
4 3 1 4.7713067853516e-18
4 3 1 4.52313853256e-18
4 3 1 2.3000666612509e-18
4 3 1 2.1447953741976e-18
4 3 1 1.9431610087155e-18
4 3 1 1.8202082939539e-18
4 3 1 1.7484765104007e-18
4 3 1 1.5806760477435e-18
4 3 1 1.4982101538489e-18
4 3 1 1.2165181959469e-18
4 3 1 1.1647271112884e-18
4 3 1 1.0382416786499e-18
4 3 1 9.6851065136985e-19
4 3 1 7.1772519529139e-19
4 3 2 0.0024945225292758
4 3 2 0.0024945225137801
4 3 2 0.0024945224471264
4 3 2 0.0024945223482906
4 3 2 0.0021802120426014
4 3 2 0.0021802119846452
4 3 2 0.002180211929455
4 3 2 0.0021802118747598
4 3 2 0.0018515463945118
4 3 2 0.00185154635076
4 3 2 0.0018515462830097
4 3 2 0.0018515462552531
4 3 2 0.0016487867554309
4 3 2 0.0016487867194893
4 3 2 0.0016487866964201
4 3 2 0.0016487866332089
4 3 2 0.001569580398947
4 3 2 0.001569580339342
4 3 2 0.0015695802926777
4 3 2 0.001569580264671
4 3 2 0.0013597317889447
4 3 2 0.0013597317637213
4 3 2 0.001359731729812
4 3 2 0.0013597317008877
4 3 2 0.001093755230022
4 3 2 0.0010937552094636
4 3 2 0.0010937551882114
4 3 2 0.0010937551693262
4 3 2 0.00082852068295252
4 3 2 0.00082852066773119
4 3 2 0.00082852064925645
4 3 2 0.00082852061271257
4 3 2 0.00057866208506327
4 3 2 0.00057866206488579
4 3 2 0.0005786620582031
4 3 2 0.00057866203197862
4 3 2 0.00056155878670392
4 3 2 0.00056155876135327
4 3 2 0.00056155873543275
4 3 2 0.00056155870963723
4 3 2 1.572631128653e-11
4 3 2 1.5725221663629e-11
4 3 2 1.5723056467637e-11
4 3 2 1.572164547248e-11
4 3 2 1.4642642403157e-11
4 3 2 1.4640037640859e-11
4 3 2 1.4639110702717e-11
4 3 2 1.4637041164388e-11
4 3 2 1.1970290310856e-11
4 3 2 1.1969457059685e-11
4 3 2 1.1968122492569e-11
4 3 2 1.1966340918024e-11
4 3 2 1.1145437373346e-11
4 3 2 1.1145056962182e-11
4 3 2 1.1143268656529e-11
4 3 2 1.1142709658469e-11
4 3 2 9.1493961276725e-12
4 3 2 9.1484634589686e-12
4 3 2 9.1474940914432e-12
4 3 2 9.1461823459129e-12
4 3 2 8.1078251161349e-12
4 3 2 8.1062235937521e-12
4 3 2 8.1053988667577e-12
4 3 2 8.1040313986038e-12
4 3 2 6.7209432001829e-12
4 3 2 6.719597636903e-12
4 3 2 6.718320022984e-12
4 3 2 6.7179915042289e-12
4 3 2 5.0840257649096e-12
4 3 2 5.0831112447733e-12
4 3 2 5.0824659428988e-12
4 3 2 5.082080054372e-12
4 3 2 4.9855839366144e-12
4 3 2 4.9847408471869e-12
4 3 2 4.9837662276291e-12
4 3 2 4.9828291333207e-12
4 3 2 4.550826610791e-12
4 3 2 4.5504379184601e-12
4 3 2 4.5499624789956e-12
4 3 2 4.5484327398252e-12
4 3 2 3.6148895695154e-12
4 3 2 3.6141984522813e-12
4 3 2 3.6131921049147e-12
4 3 2 3.6120743445127e-12
4 3 2 3.292619848936e-12
4 3 2 3.2922644026837e-12
4 3 2 3.2921132188108e-12
4 3 2 3.2913480278397e-12
4 3 2 2.7487141892553e-12
4 3 2 2.7483289915033e-12
4 3 2 2.7474489991924e-12
4 3 2 2.746409937555e-12
4 3 2 2.2857314365103e-12
4 3 2 2.2856635556781e-12
4 3 2 2.2851775345643e-12
4 3 2 2.2848107712025e-12
4 3 2 2.170048964595e-12
4 3 2 2.1697667585914e-12
4 3 2 2.1692893596193e-12
4 3 2 2.1687949140232e-12
4 3 2 1.902164048205e-12
4 3 2 1.9016226219503e-12
4 3 2 1.9014643013345e-12
4 3 2 1.9010725123873e-12
4 3 2 1.6717562843531e-12
4 3 2 1.6713607847331e-12
4 3 2 1.6711129849742e-12
4 3 2 1.6705102962291e-12
4 3 2 1.5197877643893e-12
4 3 2 1.5194803476874e-12
4 3 2 1.5194133514071e-12
4 3 2 1.5188155926708e-12
4 3 2 1.2651063412776e-12
4 3 2 1.2647450351124e-12
4 3 2 1.2645358505764e-12
4 3 2 1.2644482049265e-12
4 3 2 1.1067937090638e-12
4 3 2 1.1067236906136e-12
4 3 2 1.10640622106e-12
4 3 2 1.1062087265186e-12
4 3 2 9.6362844689775e-13
4 3 2 9.635023546384e-13
4 3 2 9.6334569803076e-13
4 3 2 9.6298583608574e-13
4 3 2 9.532303402813e-13
4 3 2 9.5307315989531e-13
4 3 2 9.5286327027489e-13
4 3 2 9.5271840384982e-13
4 3 2 7.2929482279791e-13
4 3 2 7.2884369460286e-13
4 3 2 7.2873492989509e-13
4 3 2 7.2861155133949e-13
4 3 2 5.4157870095877e-13
4 3 2 5.4148830780521e-13
4 3 2 5.4141982859596e-13
4 3 2 5.4120230144445e-13
4 3 2 4.1990503426673e-13
4 3 2 4.1978387860661e-13
4 3 2 4.1955423919507e-13
4 3 2 4.1935802194375e-13
4 3 2 2.4759951513177e-13
4 3 2 2.4752731609416e-13
4 3 2 2.4744286611336e-13
4 3 2 2.4734359287398e-13
4 3 2 2.2412482013812e-13
4 3 2 2.2408795202383e-13
4 3 2 2.2401095062445e-13
4 3 2 2.2395267228458e-13
4 3 2 1.6778037785326e-13
4 3 2 1.6769455491291e-13
4 3 2 1.6764985397075e-13
4 3 2 1.6760984052496e-13
4 3 2 9.9522443384336e-14
4 3 2 9.9466134749673e-14
4 3 2 9.9422581941846e-14
4 3 2 9.9323379575806e-14
4 3 2 3.1849894323171e-14
4 3 2 3.1826817111893e-14
4 3 2 3.1799701054147e-14
4 3 2 3.1773856911656e-14
4 3 2 1.711643496282e-14
4 3 2 1.7093275068722e-14
4 3 2 1.7054995295496e-14
4 3 2 1.7042027198985e-14
4 3 2 6.1507786193556e-15
4 3 2 6.1403570261336e-15
4 3 2 6.1317725140736e-15
4 3 2 6.1231253558195e-15
4 3 2 2.4302631807035e-15
4 3 2 2.4259180729126e-15
4 3 2 2.421510556778e-15
4 3 2 2.4030945430348e-15
4 3 2 9.3912934930189e-16
4 3 2 9.372282312357e-16
4 3 2 9.3226467071953e-16
4 3 2 9.3071960991009e-16
4 3 2 6.7740919849842e-16
4 3 2 6.7539117673552e-16
4 3 2 6.7274905173688e-16
4 3 2 6.696866447684e-16
4 3 2 6.1530913753497e-16
4 3 2 6.1258913182004e-16
4 3 2 6.1090462136473e-16
4 3 2 6.0930027552416e-16
4 3 2 3.3907283714382e-16
4 3 2 3.3726498562041e-16
4 3 2 3.3589068127702e-16
4 3 2 3.3464164090508e-16
4 3 2 2.8680295481488e-16
4 3 2 2.8506654310541e-16
4 3 2 2.8387750476005e-16
4 3 2 2.8143187857744e-16
4 3 2 2.2320211249197e-16
4 3 2 2.2225710869411e-16
4 3 2 2.2112854917157e-16
4 3 2 2.1933225312501e-16
4 3 2 1.5840697286331e-16
4 3 2 1.5788055149124e-16
4 3 2 1.5636716022006e-16
4 3 2 1.5575416705111e-16
4 3 2 1.1683742433296e-16
4 3 2 1.1632716344311e-16
4 3 2 1.1566364406198e-16
4 3 2 1.1391683471734e-16
4 3 2 4.9722320561237e-17
4 3 2 4.9276448862238e-17
4 3 2 4.840770937438e-17
4 3 2 4.7691710931972e-17
4 3 2 3.9066278880257e-17
4 3 2 3.8664066136168e-17
4 3 2 3.7458446692467e-17
4 3 2 3.7146344430166e-17
4 3 2 2.9514470322292e-17
4 3 2 2.9082091222302e-17
4 3 2 2.8501098744912e-17
4 3 2 2.7990323681431e-17
4 3 2 2.1047129313953e-17
4 3 2 2.062602446235e-17
4 3 2 1.9841879038577e-17
4 3 2 1.9456816321219e-17
4 3 2 9.6066671478505e-18
4 3 2 9.2924696487453e-18
4 3 2 8.9206691331591e-18
4 3 2 8.8333519001104e-18
4 3 2 7.443080114936e-18
4 3 2 7.1079002872452e-18
4 3 2 6.7536137800434e-18
4 3 2 6.5169779244201e-18
4 3 2 4.539563379335e-18
4 3 2 4.2309115320502e-18
4 3 2 3.9151976098483e-18
4 3 2 3.5388572515553e-18
4 3 2 1.7691235121924e-18
4 3 2 1.6721872477429e-18
4 3 2 1.4822963949665e-18
4 3 2 1.2452601142762e-18
4 3 2 1.1658565181237e-18
4 3 2 1.0407518721359e-18
4 3 2 8.4469312253949e-19
4 3 2 7.858448748619e-19
4 3 3 0.002494666893767
4 3 3 0.0024946668507838
4 3 3 0.0024946667813859
4 3 3 0.0024946667149501
4 3 3 0.0022262318404795
4 3 3 0.0022262317900422
4 3 3 0.0022262317629562
4 3 3 0.0022262317232255
4 3 3 0.0019728957316121
4 3 3 0.0019728956740643
4 3 3 0.0019728956361675
4 3 3 0.0019728955747896
4 3 3 0.0016647668150691
4 3 3 0.0016647667399297
4 3 3 0.0016647666796766
4 3 3 0.0016647666541932
4 3 3 0.0015861366669167
4 3 3 0.001586136633006
4 3 3 0.0015861365854291
4 3 3 0.0015861365430905
4 3 3 0.0014381046184151
4 3 3 0.0014381045795615
4 3 3 0.001438104538848
4 3 3 0.0014381044961245
4 3 3 0.0012408643116052
4 3 3 0.0012408642712404
4 3 3 0.0012408642607845
4 3 3 0.0012408642062288
4 3 3 0.0010647939994732
4 3 3 0.0010647939637113
4 3 3 0.0010647939462765
4 3 3 0.0010647939282603
4 3 3 0.00085420751344593
4 3 3 0.00085420749190924
4 3 3 0.00085420746431384
4 3 3 0.00085420745074117
4 3 3 0.00064378867868951
4 3 3 0.0006437886533143
4 3 3 0.00064378864047873
4 3 3 0.00064378861028045
4 3 3 2.2272603272521e-11
4 3 3 2.227142132714e-11
4 3 3 2.2268950787475e-11
4 3 3 2.2268067647603e-11
4 3 3 1.308785370447e-11
4 3 3 1.3086140970445e-11
4 3 3 1.3085210394159e-11
4 3 3 1.3084043323795e-11
4 3 3 1.1347583751158e-11
4 3 3 1.1345926916608e-11
4 3 3 1.1344558732197e-11
4 3 3 1.1343111011679e-11
4 3 3 1.044755585709e-11
4 3 3 1.0446090825011e-11
4 3 3 1.0444326948753e-11
4 3 3 1.0443528697041e-11
4 3 3 9.1445317678549e-12
4 3 3 9.1432650380671e-12
4 3 3 9.1420467920224e-12
4 3 3 9.1408462521261e-12
4 3 3 7.8820893196313e-12
4 3 3 7.8816241587098e-12
4 3 3 7.8805749419434e-12
4 3 3 7.8790033154441e-12
4 3 3 6.9863721181519e-12
4 3 3 6.9848529879572e-12
4 3 3 6.9844761834236e-12
4 3 3 6.9831833575061e-12
4 3 3 6.006840070602e-12
4 3 3 6.0057027936126e-12
4 3 3 6.0044570892908e-12
4 3 3 6.0035624698281e-12
4 3 3 5.1781208529469e-12
4 3 3 5.1775316116887e-12
4 3 3 5.1759879246254e-12
4 3 3 5.1749674369281e-12
4 3 3 3.9503601842562e-12
4 3 3 3.9493717152331e-12
4 3 3 3.9490206946714e-12
4 3 3 3.9483270131756e-12
4 3 3 3.5822171618603e-12
4 3 3 3.5814907705448e-12
4 3 3 3.5812101243815e-12
4 3 3 3.5806217765654e-12
4 3 3 3.1712813703167e-12
4 3 3 3.1707545684342e-12
4 3 3 3.1703606359216e-12
4 3 3 3.1700602455675e-12
4 3 3 2.5286917218139e-12
4 3 3 2.5284948794729e-12
4 3 3 2.5280652363976e-12
4 3 3 2.5276949108222e-12
4 3 3 2.1664944421506e-12
4 3 3 2.1663291366497e-12
4 3 3 2.1661572545915e-12
4 3 3 2.1654670625756e-12
4 3 3 1.9525378142556e-12
4 3 3 1.9523117856788e-12
4 3 3 1.9519628828782e-12
4 3 3 1.9516746009562e-12
4 3 3 1.8719897050809e-12
4 3 3 1.871655523162e-12
4 3 3 1.8713433456964e-12
4 3 3 1.8707935446993e-12
4 3 3 1.4427698651012e-12
4 3 3 1.4424502509412e-12
4 3 3 1.4422314742084e-12
4 3 3 1.4419145137676e-12
4 3 3 1.3812749278422e-12
4 3 3 1.3811006318789e-12
4 3 3 1.3807595047187e-12
4 3 3 1.3806230442368e-12
4 3 3 1.1092464635156e-12
4 3 3 1.1089949968493e-12
4 3 3 1.1088327602659e-12
4 3 3 1.1086223876074e-12
4 3 3 8.3459693695049e-13
4 3 3 8.3432470299634e-13
4 3 3 8.3422282168947e-13
4 3 3 8.3408799338466e-13
4 3 3 8.1303251088499e-13
4 3 3 8.1285932080405e-13
4 3 3 8.1273181580525e-13
4 3 3 8.1253759237304e-13
4 3 3 5.9203237875282e-13
4 3 3 5.9175496569412e-13
4 3 3 5.9155415767586e-13
4 3 3 5.9144609141849e-13
4 3 3 4.8621168811332e-13
4 3 3 4.8612082773949e-13
4 3 3 4.8596444863194e-13
4 3 3 4.8588036777674e-13
4 3 3 3.6424408211291e-13
4 3 3 3.6414792526552e-13
4 3 3 3.6399797607856e-13
4 3 3 3.6390167871375e-13
4 3 3 2.8364392053668e-13
4 3 3 2.836234144488e-13
4 3 3 2.835460002273e-13
4 3 3 2.8339353434122e-13
4 3 3 2.5540931545253e-13
4 3 3 2.553167845968e-13
4 3 3 2.5523598033444e-13
4 3 3 2.5516035095059e-13
4 3 3 1.2095494438989e-13
4 3 3 1.2086811979602e-13
4 3 3 1.2080707707438e-13
4 3 3 1.207564673209e-13
4 3 3 9.1277863547119e-14
4 3 3 9.124738363282e-14
4 3 3 9.1204079751605e-14
4 3 3 9.1124359297394e-14
4 3 3 7.2877479442127e-14
4 3 3 7.2859724912169e-14
4 3 3 7.2806145194637e-14
4 3 3 7.275736412247e-14
4 3 3 3.278897815243e-14
4 3 3 3.2745853033485e-14
4 3 3 3.273917576089e-14
4 3 3 3.2711208536234e-14
4 3 3 1.6927903319028e-14
4 3 3 1.6904244782083e-14
4 3 3 1.6887380646389e-14
4 3 3 1.6873116476463e-14
4 3 3 6.4064263020224e-15
4 3 3 6.3888059283434e-15
4 3 3 6.3813603436299e-15
4 3 3 6.3676446812551e-15
4 3 3 3.7372553331817e-15
4 3 3 3.731849738192e-15
4 3 3 3.7156123687436e-15
4 3 3 3.7105299278294e-15
4 3 3 1.0302207967754e-15
4 3 3 1.0255043397148e-15
4 3 3 1.0222408770704e-15
4 3 3 1.0203306956097e-15
4 3 3 8.2303592345983e-16
4 3 3 8.2172975170571e-16
4 3 3 8.1807595733481e-16
4 3 3 8.1670769537549e-16
4 3 3 6.9391257634324e-16
4 3 3 6.9252091124502e-16
4 3 3 6.9074655076521e-16
4 3 3 6.8840571715409e-16
4 3 3 4.7709476902223e-16
4 3 3 4.7418900985687e-16
4 3 3 4.726815065038e-16
4 3 3 4.7036591566938e-16
4 3 3 3.6969938588041e-16
4 3 3 3.6899826788565e-16
4 3 3 3.6723746094553e-16
4 3 3 3.6477980307344e-16
4 3 3 2.8045200898061e-16
4 3 3 2.7873918650405e-16
4 3 3 2.7794085211938e-16
4 3 3 2.7660371466691e-16
4 3 3 2.268631903742e-16
4 3 3 2.262743217957e-16
4 3 3 2.2543635350907e-16
4 3 3 2.2390248020076e-16
4 3 3 1.5426129170208e-16
4 3 3 1.5302424499729e-16
4 3 3 1.5194888768358e-16
4 3 3 1.5153888240088e-16
4 3 3 8.2111973241308e-17
4 3 3 8.1617706477451e-17
4 3 3 8.0473349630467e-17
4 3 3 7.9289141734444e-17
4 3 3 5.9530778536131e-17
4 3 3 5.8933910939765e-17
4 3 3 5.815019772023e-17
4 3 3 5.7113803471655e-17
4 3 3 3.4566559947297e-17
4 3 3 3.3893882425741e-17
4 3 3 3.350915715282e-17
4 3 3 3.2838589706019e-17
4 3 3 2.4213155959173e-17
4 3 3 2.3715023784105e-17
4 3 3 2.3144301358367e-17
4 3 3 2.2499159374091e-17
4 3 3 1.1145090097424e-17
4 3 3 1.0643210037516e-17
4 3 3 1.0213670350736e-17
4 3 3 9.9818104703669e-18
4 3 3 5.3919823555205e-18
4 3 3 5.090218078197e-18
4 3 3 4.7282084639308e-18
4 3 3 4.5571781561101e-18
4 3 3 2.1467220168004e-18
4 3 3 2.0443475588169e-18
4 3 3 1.9055513049669e-18
4 3 3 1.8261686271517e-18
4 3 3 1.7005162408495e-18
4 3 3 1.5834576942667e-18
4 3 3 1.4655999009769e-18
4 3 3 1.3081537093143e-18
4 3 3 1.1631634273797e-18
4 3 3 1.0050936069281e-18
4 3 3 7.7689583605615e-19
4 3 3 6.724664426985e-19
