#  N    Kx    Ky    lambda
4 0 0 0.0027697416127436
4 0 0 0.0027697415011454
4 0 0 0.0027697414732024
4 0 0 0.0027697413971299
4 0 0 0.0027341945581232
4 0 0 0.0027341945379172
4 0 0 0.0027341945011678
4 0 0 0.0027341944179868
4 0 0 0.0023750944787763
4 0 0 0.002375094422094
4 0 0 0.0023750943417763
4 0 0 0.0023750943108668
4 0 0 0.002006907970418
4 0 0 0.0020069079341578
4 0 0 0.0020069079174968
4 0 0 0.0020069078694754
4 0 0 0.0017055472726868
4 0 0 0.001705547226893
4 0 0 0.0017055471812602
4 0 0 0.0017055471682247
4 0 0 0.0015858851525034
4 0 0 0.0015858851348696
4 0 0 0.0015858851115736
4 0 0 0.0015858850965343
4 0 0 0.0015100526214167
4 0 0 0.0015100525434199
4 0 0 0.0015100525315859
4 0 0 0.0015100524759783
4 0 0 0.0015088472691785
4 0 0 0.0015088472514835
4 0 0 0.0015088472286772
4 0 0 0.0015088472242411
4 0 0 0.001337775591034
4 0 0 0.0013377755867812
4 0 0 0.0013377755677825
4 0 0 0.001337775537547
4 0 0 0.0010427101314279
4 0 0 0.0010427101203399
4 0 0 0.0010427100954612
4 0 0 0.0010427100828034
4 0 0 0.00088604656888122
4 0 0 0.00088604655102331
4 0 0 0.00088604653893385
4 0 0 0.00088604651730817
4 0 0 0.00075822198315687
4 0 0 0.00075822196085316
4 0 0 0.00075822194646825
4 0 0 0.00075822193584299
4 0 0 4.5258246983728e-12
4 0 0 4.5248355272826e-12
4 0 0 4.5244928997279e-12
4 0 0 4.5234729585043e-12
4 0 0 2.5702647445031e-12
4 0 0 2.570020543842e-12
4 0 0 2.5694529347535e-12
4 0 0 2.5688280101989e-12
4 0 0 2.3070555968667e-12
4 0 0 2.3063739016114e-12
4 0 0 2.306175896136e-12
4 0 0 2.3055188859651e-12
4 0 0 2.2611538896636e-12
4 0 0 2.2606834739313e-12
4 0 0 2.2601105821257e-12
4 0 0 2.2598380763807e-12
4 0 0 9.1308487144401e-13
4 0 0 9.1275106824244e-13
4 0 0 9.1268835960662e-13
4 0 0 9.1225461683494e-13
4 0 0 8.397146342831e-13
4 0 0 8.3952450097048e-13
4 0 0 8.393374659193e-13
4 0 0 8.3912620527533e-13
4 0 0 8.1616239816485e-13
4 0 0 8.1580704904635e-13
4 0 0 8.1562223140777e-13
4 0 0 8.1551977065767e-13
4 0 0 7.137164461199e-13
4 0 0 7.1342906809544e-13
4 0 0 7.1322253637527e-13
4 0 0 7.1315528332533e-13
4 0 0 6.9043010138075e-13
4 0 0 6.9025337468024e-13
4 0 0 6.9016048721698e-13
4 0 0 6.9005568702572e-13
4 0 0 5.8039019907149e-13
4 0 0 5.802684309404e-13
4 0 0 5.8018452854058e-13
4 0 0 5.8000165152066e-13
4 0 0 5.0515612132165e-13
4 0 0 5.0496648042988e-13
4 0 0 5.0490167079745e-13
4 0 0 5.0475651139432e-13
4 0 0 4.2249058745466e-13
4 0 0 4.2237406562382e-13
4 0 0 4.2229747203663e-13
4 0 0 4.2227918473674e-13
4 0 0 4.0817824293902e-13
4 0 0 4.0799009682234e-13
4 0 0 4.0781182272837e-13
4 0 0 4.0764557976832e-13
4 0 0 3.371427890925e-13
4 0 0 3.3704138449027e-13
4 0 0 3.3695775916836e-13
4 0 0 3.368999290389e-13
4 0 0 2.4154413180955e-13
4 0 0 2.4151149555002e-13
4 0 0 2.4145496996018e-13
4 0 0 2.4136092986004e-13
4 0 0 2.2840929612639e-13
4 0 0 2.283403199396e-13
4 0 0 2.2826298077235e-13
4 0 0 2.282323254987e-13
4 0 0 2.1501878638811e-13
4 0 0 2.1492026445021e-13
4 0 0 2.1487291202475e-13
4 0 0 2.1476046471143e-13
4 0 0 1.9808190474296e-13
4 0 0 1.980291488621e-13
4 0 0 1.9796763766309e-13
4 0 0 1.9788087710723e-13
4 0 0 1.5603637938766e-13
4 0 0 1.5587926071051e-13
4 0 0 1.558153533945e-13
4 0 0 1.5575216903262e-13
4 0 0 8.2762428012759e-14
4 0 0 8.2720546227712e-14
4 0 0 8.2679556620268e-14
4 0 0 8.2662208334747e-14
4 0 0 7.2909821739717e-14
4 0 0 7.2855969993106e-14
4 0 0 7.2817489980606e-14
4 0 0 7.2768698088238e-14
4 0 0 6.4851809563035e-14
4 0 0 6.479783021935e-14
4 0 0 6.4751075180229e-14
4 0 0 6.4722915997687e-14
4 0 0 6.0289021688553e-14
4 0 0 6.0262236788698e-14
4 0 0 6.0200683608412e-14
4 0 0 6.0140143100076e-14
4 0 0 5.9291527550351e-14
4 0 0 5.9268601254441e-14
4 0 0 5.9228699311993e-14
4 0 0 5.9197869954603e-14
4 0 0 4.2944516108724e-14
4 0 0 4.2903645993518e-14
4 0 0 4.2897891802382e-14
4 0 0 4.2882561122619e-14
4 0 0 3.2103285625846e-14
4 0 0 3.2086187883602e-14
4 0 0 3.2055478276125e-14
4 0 0 3.2045783974537e-14
4 0 0 1.9389127244255e-14
4 0 0 1.937038741055e-14
4 0 0 1.9359535033171e-14
4 0 0 1.9342369909779e-14
4 0 0 7.6076511504886e-15
4 0 0 7.597199777521e-15
4 0 0 7.588209040014e-15
4 0 0 7.5845900065695e-15
4 0 0 6.148144214619e-15
4 0 0 6.1372530272826e-15
4 0 0 6.134939574767e-15
4 0 0 6.1216837243359e-15
4 0 0 1.4955137050453e-15
4 0 0 1.4887218280529e-15
4 0 0 1.4866229220899e-15
4 0 0 1.4838172477148e-15
4 0 0 1.4305783651504e-15
4 0 0 1.4216976203104e-15
4 0 0 1.414451601935e-15
4 0 0 1.4050360854101e-15
4 0 0 1.0814406619942e-15
4 0 0 1.0755136327922e-15
4 0 0 1.0738080307431e-15
4 0 0 1.0706384937473e-15
4 0 0 6.8672580662779e-16
4 0 0 6.8290849322655e-16
4 0 0 6.7941811549642e-16
4 0 0 6.7690450419946e-16
4 0 0 2.3334492041642e-16
4 0 0 2.3256825396156e-16
4 0 0 2.3133048767914e-16
4 0 0 2.3062409430448e-16
4 0 0 1.7664144987944e-16
4 0 0 1.7558467603746e-16
4 0 0 1.7495377525723e-16
4 0 0 1.7415867685196e-16
4 0 0 1.1152812410285e-16
4 0 0 1.1100324298745e-16
4 0 0 1.1089012256709e-16
4 0 0 1.1036046884597e-16
4 0 0 8.0585068099474e-17
4 0 0 7.9795500219652e-17
4 0 0 7.9210567016127e-17
4 0 0 7.896611655701e-17
4 0 0 6.0816972276064e-17
4 0 0 6.0320389013107e-17
4 0 0 6.0090100282186e-17
4 0 0 5.9815658703547e-17
4 0 0 4.0731816063118e-17
4 0 0 4.0247599326694e-17
4 0 0 4.0165005452491e-17
4 0 0 3.9932768657398e-17
4 0 0 2.2268516469769e-17
4 0 0 2.201970865036e-17
4 0 0 2.159829421475e-17
4 0 0 2.1408011438582e-17
4 0 0 2.0125772979024e-17
4 0 0 1.9853309098734e-17
4 0 0 1.9595805870913e-17
4 0 0 1.9337101437821e-17
4 0 0 1.8682717539563e-17
4 0 0 1.8493888421353e-17
4 0 0 1.821447562478e-17
4 0 0 1.8025888122598e-17
4 0 0 7.4124597417868e-18
4 0 0 7.2203576738807e-18
4 0 0 7.0893111842824e-18
4 0 0 7.0488659638651e-18
4 0 0 5.4930179976751e-18
4 0 0 5.1868310226246e-18
4 0 0 4.9756248062233e-18
4 0 0 4.8533539642772e-18
4 0 0 3.7305421244268e-18
4 0 0 3.5763958516554e-18
4 0 0 3.502480565639e-18
4 0 0 3.4472922871547e-18
4 0 0 2.3366277139658e-18
4 0 0 2.1936310017893e-18
4 0 0 2.0915654493104e-18
4 0 0 1.9779488361106e-18
4 0 0 1.2658743277673e-18
4 0 0 1.0602469626372e-18
4 0 0 9.5815074026164e-19
4 0 0 9.0200696134849e-19
4 0 0 8.2715015857467e-19
4 0 0 7.4510512854672e-19
4 0 0 6.2219033235585e-19
4 0 0 5.7354872953733e-19
4 0 0 4.3084829631824e-19
4 0 0 3.8350138681952e-19
4 0 0 3.5556708989585e-19
4 0 0 2.9388906744718e-19
4 0 0 2.5259196992298e-19
4 0 0 2.0360830906155e-19
4 0 0 1.6754421861297e-19
4 0 0 1.2411623830583e-19
4 0 0 8.7292646469279e-20
4 0 0 5.2177783641837e-20
4 0 0 -4.3891570122842e-20
4 0 0 -1.2936291387512e-19
4 0 1 0.0027532363470587
4 0 1 0.0027532363046588
4 0 1 0.0027532362503531
4 0 1 0.0027532362188644
4 0 1 0.0024423318536154
4 0 1 0.0024423318092118
4 0 1 0.0024423317938826
4 0 1 0.0024423317580166
4 0 1 0.0021342839803719
4 0 1 0.0021342839441202
4 0 1 0.0021342839329455
4 0 1 0.0021342838908354
4 0 1 0.0018201016407491
4 0 1 0.0018201016209403
4 0 1 0.0018201016177733
4 0 1 0.0018201015673542
4 0 1 0.001553059847616
4 0 1 0.0015530598082692
4 0 1 0.0015530597732519
4 0 1 0.001553059754416
4 0 1 0.0014768380444748
4 0 1 0.0014768380207534
4 0 1 0.001476837999432
4 0 1 0.0014768379813534
4 0 1 0.0013778458721166
4 0 1 0.0013778458587863
4 0 1 0.0013778458452469
4 0 1 0.0013778458280572
4 0 1 0.0010855197317488
4 0 1 0.0010855197042217
4 0 1 0.0010855196955703
4 0 1 0.0010855196731049
4 0 1 0.00084554648936726
4 0 1 0.00084554648012972
4 0 1 0.0008455464544814
4 0 1 0.00084554644255263
4 0 1 0.00067020139988879
4 0 1 0.00067020138477671
4 0 1 0.00067020137835051
4 0 1 0.00067020136666875
4 0 1 2.4733928521769e-12
4 0 1 2.4729359593808e-12
4 0 1 2.4725257318384e-12
4 0 1 2.4721302370615e-12
4 0 1 1.8479983433212e-12
4 0 1 1.8476646779443e-12
4 0 1 1.8470915935877e-12
4 0 1 1.8468867899986e-12
4 0 1 1.6951100736528e-12
4 0 1 1.694621774169e-12
4 0 1 1.6937715933169e-12
4 0 1 1.6933380392823e-12
4 0 1 1.3244241203301e-12
4 0 1 1.3239960392517e-12
4 0 1 1.3235779797418e-12
4 0 1 1.3233112849332e-12
4 0 1 1.1904394064055e-12
4 0 1 1.1900906243233e-12
4 0 1 1.1899613194377e-12
4 0 1 1.1895872133975e-12
4 0 1 9.4786947661363e-13
4 0 1 9.4771719981334e-13
4 0 1 9.474020972209e-13
4 0 1 9.4730333727921e-13
4 0 1 8.3550854237454e-13
4 0 1 8.3539020672308e-13
4 0 1 8.3523008951944e-13
4 0 1 8.349154665457e-13
4 0 1 7.2245313534183e-13
4 0 1 7.2229557136604e-13
4 0 1 7.221663277177e-13
4 0 1 7.2210318815974e-13
4 0 1 6.6045087193202e-13
4 0 1 6.6028832938195e-13
4 0 1 6.5993628152874e-13
4 0 1 6.5979247915216e-13
4 0 1 5.0506977810785e-13
4 0 1 5.0487913408141e-13
4 0 1 5.048344233199e-13
4 0 1 5.0472573337865e-13
4 0 1 4.3058634150656e-13
4 0 1 4.3041658519799e-13
4 0 1 4.3033013650397e-13
4 0 1 4.3016258663474e-13
4 0 1 3.5394835478318e-13
4 0 1 3.5389819002446e-13
4 0 1 3.5378349157842e-13
4 0 1 3.5372425625679e-13
4 0 1 3.0057818397294e-13
4 0 1 3.0049034109144e-13
4 0 1 3.0042687039815e-13
4 0 1 3.0034807487396e-13
4 0 1 2.7791541782861e-13
4 0 1 2.7786481148839e-13
4 0 1 2.7779517702579e-13
4 0 1 2.777538265459e-13
4 0 1 2.7085659486375e-13
4 0 1 2.7076038857831e-13
4 0 1 2.7065192296866e-13
4 0 1 2.7058548580758e-13
4 0 1 2.0171371217716e-13
4 0 1 2.0163979211984e-13
4 0 1 2.0158271635773e-13
4 0 1 2.0155599676443e-13
4 0 1 1.8974206998373e-13
4 0 1 1.8965555780235e-13
4 0 1 1.8958642643167e-13
4 0 1 1.895486036018e-13
4 0 1 1.6673655615758e-13
4 0 1 1.6669342059415e-13
4 0 1 1.6666022623117e-13
4 0 1 1.6662001615764e-13
4 0 1 1.4627065735619e-13
4 0 1 1.4619337262349e-13
4 0 1 1.4616362491027e-13
4 0 1 1.4609013916499e-13
4 0 1 1.1987692243916e-13
4 0 1 1.198174739119e-13
4 0 1 1.1977351836375e-13
4 0 1 1.1970672193407e-13
4 0 1 8.7023622690947e-14
4 0 1 8.6985902932869e-14
4 0 1 8.6947875725564e-14
4 0 1 8.6909515733055e-14
4 0 1 8.0529127983007e-14
4 0 1 8.0512153079805e-14
4 0 1 8.0476874960455e-14
4 0 1 8.0431882738715e-14
4 0 1 6.4289128247063e-14
4 0 1 6.4284926729221e-14
4 0 1 6.4257391141598e-14
4 0 1 6.4238098733731e-14
4 0 1 3.7961810470393e-14
4 0 1 3.7958697557273e-14
4 0 1 3.792947432925e-14
4 0 1 3.7919863755709e-14
4 0 1 3.3027436822416e-14
4 0 1 3.301719733261e-14
4 0 1 3.2997214365868e-14
4 0 1 3.2958322991359e-14
4 0 1 2.4784952063168e-14
4 0 1 2.4771660003513e-14
4 0 1 2.4753493601918e-14
4 0 1 2.4743802218033e-14
4 0 1 1.7334883176768e-14
4 0 1 1.7322365452929e-14
4 0 1 1.7315175681908e-14
4 0 1 1.7300390676532e-14
4 0 1 8.4904073229694e-15
4 0 1 8.477391134845e-15
4 0 1 8.4680214419915e-15
4 0 1 8.4617368159392e-15
4 0 1 6.0604761882628e-15
4 0 1 6.0524715733717e-15
4 0 1 6.0413170738367e-15
4 0 1 6.0356224249368e-15
4 0 1 4.0922686261961e-15
4 0 1 4.0821224484355e-15
4 0 1 4.0737697256805e-15
4 0 1 4.0687992338711e-15
4 0 1 9.788650711596e-16
4 0 1 9.7227047944833e-16
4 0 1 9.7007584609852e-16
4 0 1 9.6858945166805e-16
4 0 1 6.6341686122043e-16
4 0 1 6.5911999971072e-16
4 0 1 6.5853938690974e-16
4 0 1 6.5799030976769e-16
4 0 1 5.6000689751594e-16
4 0 1 5.5659222618465e-16
4 0 1 5.5560565329803e-16
4 0 1 5.5194875153658e-16
4 0 1 1.2989282120277e-16
4 0 1 1.2958022144492e-16
4 0 1 1.2913971189111e-16
4 0 1 1.2849728740362e-16
4 0 1 9.0490020818787e-17
4 0 1 9.038501167621e-17
4 0 1 9.0011566821872e-17
4 0 1 8.9338254455185e-17
4 0 1 7.2368934358721e-17
4 0 1 7.2136811509345e-17
4 0 1 7.1836077591544e-17
4 0 1 7.1191146296124e-17
4 0 1 5.483844547265e-17
4 0 1 5.4643534631979e-17
4 0 1 5.4498279633811e-17
4 0 1 5.3974008426551e-17
4 0 1 3.1206589911693e-17
4 0 1 3.0861445962726e-17
4 0 1 3.0815435541427e-17
4 0 1 3.0574720443356e-17
4 0 1 2.6461400701185e-17
4 0 1 2.6234410869659e-17
4 0 1 2.5793656234173e-17
4 0 1 2.5557165212792e-17
4 0 1 2.1320704492524e-17
4 0 1 2.1047491778502e-17
4 0 1 2.0886959914582e-17
4 0 1 2.0796997070258e-17
4 0 1 1.2796998414743e-17
4 0 1 1.2632501387553e-17
4 0 1 1.2361931227553e-17
4 0 1 1.2322272584932e-17
4 0 1 6.2414285233777e-18
4 0 1 6.1666804214956e-18
4 0 1 5.993222890939e-18
4 0 1 5.8292747344007e-18
4 0 1 4.5630975093215e-18
4 0 1 4.4911128338784e-18
4 0 1 4.3653057021797e-18
4 0 1 4.3121712165645e-18
4 0 1 3.8213189354119e-18
4 0 1 3.6819106477533e-18
4 0 1 3.6334757100123e-18
4 0 1 3.4741667225227e-18
4 0 1 2.5979280055654e-18
4 0 1 2.4949374880352e-18
4 0 1 2.3229413849268e-18
4 0 1 2.2131581806259e-18
4 0 1 1.596050879807e-18
4 0 1 1.457103150006e-18
4 0 1 1.3815907461904e-18
4 0 1 1.2957009417465e-18
4 0 1 8.7142418765449e-19
4 0 1 7.1277869417844e-19
4 0 1 6.5642833823168e-19
4 0 1 6.103878203254e-19
4 0 1 4.9925488341938e-19
4 0 1 4.5674138322443e-19
4 0 1 4.1654639455034e-19
4 0 1 3.5609680089763e-19
4 0 1 3.33896162923e-19
4 0 1 3.2144808429699e-19
4 0 1 2.9334981095884e-19
4 0 1 2.4382527182257e-19
4 0 1 2.0974748708695e-19
4 0 1 1.5932607600749e-19
4 0 1 9.9262733705512e-20
4 0 1 1.481007784799e-20
4 0 2 0.0027531835072894
4 0 2 0.002753183479237
4 0 2 0.0027531834693845
4 0 2 0.0027531834450888
4 0 2 0.0024350944971654
4 0 2 0.0024350944644206
4 0 2 0.0024350944352007
4 0 2 0.0024350944009465
4 0 2 0.0020368648958801
4 0 2 0.00203686488901
4 0 2 0.0020368648368086
4 0 2 0.0020368648176315
4 0 2 0.0016574201591055
4 0 2 0.0016574201300548
4 0 2 0.0016574201132098
4 0 2 0.0016574200943733
4 0 2 0.0016101400793308
4 0 2 0.0016101400635978
4 0 2 0.0016101400408396
4 0 2 0.0016101400198962
4 0 2 0.0015541068726192
4 0 2 0.0015541068583737
4 0 2 0.0015541068420646
4 0 2 0.0015541068326796
4 0 2 0.0012613382693172
4 0 2 0.0012613382479048
4 0 2 0.0012613382224652
4 0 2 0.001261338202922
4 0 2 0.0010412733518311
4 0 2 0.0010412733355844
4 0 2 0.0010412733244518
4 0 2 0.0010412733139989
4 0 2 0.00091484496151203
4 0 2 0.00091484494921062
4 0 2 0.00091484493281537
4 0 2 0.00091484492140253
4 0 2 0.00071455439701544
4 0 2 0.00071455437824812
4 0 2 0.00071455436317959
4 0 2 0.00071455434573264
4 0 2 0.00056029512227457
4 0 2 0.00056029511281677
4 0 2 0.00056029509758434
4 0 2 0.00056029509341855
4 0 2 1.7071158591024e-12
4 0 2 1.7069289170367e-12
4 0 2 1.7068045240987e-12
4 0 2 1.7062921210782e-12
4 0 2 1.5251730932285e-12
4 0 2 1.5248845025071e-12
4 0 2 1.5247476651627e-12
4 0 2 1.5243765453187e-12
4 0 2 1.4531152629456e-12
4 0 2 1.453010772497e-12
4 0 2 1.4529012896816e-12
4 0 2 1.4524493274717e-12
4 0 2 1.4438879208416e-12
4 0 2 1.4436858288251e-12
4 0 2 1.443138614543e-12
4 0 2 1.4430179698449e-12
4 0 2 1.1555049969483e-12
4 0 2 1.1553605352989e-12
4 0 2 1.155104649008e-12
4 0 2 1.1547697436052e-12
4 0 2 9.2467326140197e-13
4 0 2 9.2441447981838e-13
4 0 2 9.2435046938566e-13
4 0 2 9.2406487970554e-13
4 0 2 7.6798996048564e-13
4 0 2 7.6780343072575e-13
4 0 2 7.6763519173252e-13
4 0 2 7.6743853740306e-13
4 0 2 6.5780902401155e-13
4 0 2 6.5766988350597e-13
4 0 2 6.5752511796234e-13
4 0 2 6.5717614778172e-13
4 0 2 5.7272345419216e-13
4 0 2 5.7248374995955e-13
4 0 2 5.7239757235057e-13
4 0 2 5.7224629120124e-13
4 0 2 5.4257223872067e-13
4 0 2 5.4240623993665e-13
4 0 2 5.4232775284802e-13
4 0 2 5.422586154808e-13
4 0 2 3.9531590165089e-13
4 0 2 3.9521797969791e-13
4 0 2 3.9503022859867e-13
4 0 2 3.9498939181185e-13
4 0 2 3.6038237701316e-13
4 0 2 3.6017439121962e-13
4 0 2 3.5986663762495e-13
4 0 2 3.5955305575487e-13
4 0 2 3.4792785443235e-13
4 0 2 3.47835834074e-13
4 0 2 3.4766947678368e-13
4 0 2 3.4762312312925e-13
4 0 2 3.339910440084e-13
4 0 2 3.3392726828151e-13
4 0 2 3.3383961554349e-13
4 0 2 3.337828383766e-13
4 0 2 3.0225046619348e-13
4 0 2 3.0219482866134e-13
4 0 2 3.0207020729147e-13
4 0 2 3.0203267066123e-13
4 0 2 2.4635273663897e-13
4 0 2 2.4628733028288e-13
4 0 2 2.4618779521615e-13
4 0 2 2.4605887678031e-13
4 0 2 1.8501514190559e-13
4 0 2 1.8493853387071e-13
4 0 2 1.8487673228772e-13
4 0 2 1.8484843110176e-13
4 0 2 1.5099328550204e-13
4 0 2 1.5093200860932e-13
4 0 2 1.5087116320731e-13
4 0 2 1.5084218016532e-13
4 0 2 1.3230616134317e-13
4 0 2 1.3225219164182e-13
4 0 2 1.3220478328346e-13
4 0 2 1.3214810589954e-13
4 0 2 1.1568925883776e-13
4 0 2 1.1560279642332e-13
4 0 2 1.1558198305723e-13
4 0 2 1.155386505397e-13
4 0 2 8.9160930296617e-14
4 0 2 8.9113325745759e-14
4 0 2 8.9065631623183e-14
4 0 2 8.9031937021797e-14
4 0 2 7.9093516022267e-14
4 0 2 7.9020502923108e-14
4 0 2 7.8994855903966e-14
4 0 2 7.8969244353033e-14
4 0 2 5.808671447985e-14
4 0 2 5.807655885985e-14
4 0 2 5.8043835402155e-14
4 0 2 5.8021239626036e-14
4 0 2 5.3298682665572e-14
4 0 2 5.3266431977381e-14
4 0 2 5.3229704142749e-14
4 0 2 5.3218006401825e-14
4 0 2 4.3842369902535e-14
4 0 2 4.3824448024547e-14
4 0 2 4.3810910538572e-14
4 0 2 4.3791038816584e-14
4 0 2 3.3322368761995e-14
4 0 2 3.3304966939262e-14
4 0 2 3.3271327695546e-14
4 0 2 3.3259323402433e-14
4 0 2 3.0161577502713e-14
4 0 2 3.013953470536e-14
4 0 2 3.0132001164484e-14
4 0 2 3.0117322635964e-14
4 0 2 1.5272541632862e-14
4 0 2 1.5250191636344e-14
4 0 2 1.5238086492152e-14
4 0 2 1.5220285760758e-14
4 0 2 1.4378013626426e-14
4 0 2 1.4366197704599e-14
4 0 2 1.4356318383526e-14
4 0 2 1.434887703024e-14
4 0 2 4.9104083169702e-15
4 0 2 4.9031765559928e-15
4 0 2 4.8971585509234e-15
4 0 2 4.8941874535014e-15
4 0 2 9.2500746978683e-16
4 0 2 9.2204547926762e-16
4 0 2 9.1972558703306e-16
4 0 2 9.1894593150938e-16
4 0 2 6.6808988633877e-16
4 0 2 6.6459850073259e-16
4 0 2 6.6311269764521e-16
4 0 2 6.6043443774939e-16
4 0 2 2.8709993581364e-16
4 0 2 2.8588178933053e-16
4 0 2 2.854660768294e-16
4 0 2 2.8372065457853e-16
4 0 2 1.0131146576749e-16
4 0 2 1.0058578164204e-16
4 0 2 1.0003607795343e-16
4 0 2 9.9504487172086e-17
4 0 2 6.2505113764977e-17
4 0 2 6.170053190388e-17
4 0 2 6.1599006529344e-17
4 0 2 6.1233800867314e-17
4 0 2 5.7195277312721e-17
4 0 2 5.6963525868355e-17
4 0 2 5.6594136557886e-17
4 0 2 5.635535763597e-17
4 0 2 4.5753843846312e-17
4 0 2 4.5372552949867e-17
4 0 2 4.515152398429e-17
4 0 2 4.4961759627495e-17
4 0 2 3.2440568124226e-17
4 0 2 3.2120001308946e-17
4 0 2 3.1822475831462e-17
4 0 2 3.1632493661626e-17
4 0 2 1.9533333107788e-17
4 0 2 1.9350830821265e-17
4 0 2 1.9220580021763e-17
4 0 2 1.9125424347074e-17
4 0 2 1.4104454271247e-17
4 0 2 1.3974976577208e-17
4 0 2 1.3700634862514e-17
4 0 2 1.3525155796772e-17
4 0 2 1.1880166943307e-17
4 0 2 1.1612196588432e-17
4 0 2 1.1497125137419e-17
4 0 2 1.1293430638012e-17
4 0 2 9.2215176567539e-18
4 0 2 9.1952693636354e-18
4 0 2 9.0785223042003e-18
4 0 2 8.7386317019578e-18
4 0 2 5.2442718982797e-18
4 0 2 5.1330447531216e-18
4 0 2 5.0430669051077e-18
4 0 2 4.9226278328561e-18
4 0 2 2.459775000134e-18
4 0 2 2.3387190270955e-18
4 0 2 2.2655190827457e-18
4 0 2 2.18741578193e-18
4 0 2 1.338405491317e-18
4 0 2 1.3003422892984e-18
4 0 2 1.2550731166005e-18
4 0 2 1.1971726626981e-18
4 0 2 1.1229137262044e-18
4 0 2 1.060991222128e-18
4 0 2 1.0111294087192e-18
4 0 2 9.653741304468e-19
4 0 2 8.9280450740433e-19
4 0 2 8.5112151331291e-19
4 0 2 7.9837033055556e-19
4 0 2 7.2646407876746e-19
4 0 2 7.0220667975799e-19
4 0 2 6.2879155072005e-19
4 0 2 5.6132951064602e-19
4 0 2 5.1595939735008e-19
4 0 2 4.857390822295e-19
4 0 2 4.4707719406206e-19
4 0 2 4.0262291356755e-19
4 0 2 3.6454301653797e-19
4 0 2 3.076439645194e-19
4 0 2 2.6988066264233e-19
4 0 2 2.3083523915494e-19
4 0 2 1.9698026807131e-19
4 0 2 1.5874921161136e-19
4 0 2 1.0088872534246e-19
4 0 2 6.6638213681774e-20
4 0 2 8.1128591285132e-22
4 0 3 0.0027532363491106
4 0 3 0.0027532363035378
4 0 3 0.0027532362371165
4 0 3 0.0027532362204575
4 0 3 0.0024423318434757
4 0 3 0.0024423318161375
4 0 3 0.0024423317855354
4 0 3 0.0024423317759573
4 0 3 0.0021342839793302
4 0 3 0.0021342839463427
4 0 3 0.0021342839223568
4 0 3 0.0021342838888447
4 0 3 0.0018201016458061
4 0 3 0.0018201016299107
4 0 3 0.0018201016068454
4 0 3 0.0018201015655495
4 0 3 0.0015530598479171
4 0 3 0.0015530598098014
4 0 3 0.0015530597712816
4 0 3 0.0015530597548349
4 0 3 0.0014768380567234
4 0 3 0.0014768380210044
4 0 3 0.0014768380027761
4 0 3 0.0014768379732097
4 0 3 0.0013778458713605
4 0 3 0.001377845855019
4 0 3 0.0013778458370814
4 0 3 0.00137784582028
4 0 3 0.0010855197212763
4 0 3 0.0010855197075208
4 0 3 0.0010855197019418
4 0 3 0.0010855196782503
4 0 3 0.00084554649341404
4 0 3 0.00084554647310121
4 0 3 0.00084554646381969
4 0 3 0.00084554645263053
4 0 3 0.00067020140044222
4 0 3 0.00067020138662901
4 0 3 0.00067020137840629
4 0 3 0.00067020137034898
4 0 3 2.4736660328249e-12
4 0 3 2.4729857293571e-12
4 0 3 2.4725878966568e-12
4 0 3 2.4720321458242e-12
4 0 3 1.8478949540651e-12
4 0 3 1.8477437686212e-12
4 0 3 1.8473149876448e-12
4 0 3 1.8471574659161e-12
4 0 3 1.6950402087608e-12
4 0 3 1.6944606471684e-12
4 0 3 1.6939539020206e-12
4 0 3 1.6933984162559e-12
4 0 3 1.3245189436786e-12
4 0 3 1.3238727895164e-12
4 0 3 1.3236684528242e-12
4 0 3 1.3234329508643e-12
4 0 3 1.1904527811969e-12
4 0 3 1.1903459279711e-12
4 0 3 1.1899610237966e-12
4 0 3 1.1896274888739e-12
4 0 3 9.4787624871842e-13
4 0 3 9.4756876146371e-13
4 0 3 9.4739257125578e-13
4 0 3 9.4718220826703e-13
4 0 3 8.3548945857606e-13
4 0 3 8.3541515322535e-13
4 0 3 8.3513107868646e-13
4 0 3 8.3485964303657e-13
4 0 3 7.2251053834082e-13
4 0 3 7.2240153460251e-13
4 0 3 7.2222206594579e-13
4 0 3 7.2212981146872e-13
4 0 3 6.6041977331001e-13
4 0 3 6.6017133312263e-13
4 0 3 6.6008972062409e-13
4 0 3 6.5974265289826e-13
4 0 3 5.0506133691055e-13
4 0 3 5.0496401237576e-13
4 0 3 5.0484438341923e-13
4 0 3 5.0477292306138e-13
4 0 3 4.3059293301687e-13
4 0 3 4.3044508339572e-13
4 0 3 4.3031613784835e-13
4 0 3 4.3021059742454e-13
4 0 3 3.5394864056352e-13
4 0 3 3.5389012827866e-13
4 0 3 3.5380241275656e-13
4 0 3 3.5370112472184e-13
4 0 3 3.0060313417267e-13
4 0 3 3.0048706244734e-13
4 0 3 3.0038272758808e-13
4 0 3 3.0027665184475e-13
4 0 3 2.7795074986104e-13
4 0 3 2.7782783119248e-13
4 0 3 2.7781588086759e-13
4 0 3 2.7777930981152e-13
4 0 3 2.7077327366492e-13
4 0 3 2.7070647465792e-13
4 0 3 2.7061381129175e-13
4 0 3 2.7053870346815e-13
4 0 3 2.0169315155692e-13
4 0 3 2.01673039608e-13
4 0 3 2.016152932775e-13
4 0 3 2.0153311763481e-13
4 0 3 1.8971839488642e-13
4 0 3 1.8967548281273e-13
4 0 3 1.8962813242846e-13
4 0 3 1.8957140572594e-13
4 0 3 1.6672090802893e-13
4 0 3 1.6669220977736e-13
4 0 3 1.6665764060742e-13
4 0 3 1.6659084597978e-13
4 0 3 1.4624147131552e-13
4 0 3 1.4620456446013e-13
4 0 3 1.4616423339345e-13
4 0 3 1.4612749944645e-13
4 0 3 1.1988249541747e-13
4 0 3 1.198346448349e-13
4 0 3 1.1979488705068e-13
4 0 3 1.1973147992193e-13
4 0 3 8.7020367361013e-14
4 0 3 8.6993080663699e-14
4 0 3 8.6944076982e-14
4 0 3 8.6920843458741e-14
4 0 3 8.0531831335987e-14
4 0 3 8.0482521809207e-14
4 0 3 8.0456531524585e-14
4 0 3 8.0432622842971e-14
4 0 3 6.4300573703555e-14
4 0 3 6.4266139420409e-14
4 0 3 6.425528251985e-14
4 0 3 6.4232311948821e-14
4 0 3 3.7983869910741e-14
4 0 3 3.7953970597677e-14
4 0 3 3.7934936797871e-14
4 0 3 3.7915262979379e-14
4 0 3 3.3035820824474e-14
4 0 3 3.3010777944398e-14
4 0 3 3.2991027044847e-14
4 0 3 3.2961235828719e-14
4 0 3 2.4783663484925e-14
4 0 3 2.4769362176759e-14
4 0 3 2.4755598384188e-14
4 0 3 2.4726391805386e-14
4 0 3 1.7334957411698e-14
4 0 3 1.7322175477109e-14
4 0 3 1.7310832044106e-14
4 0 3 1.7295377914673e-14
4 0 3 8.4811701081102e-15
4 0 3 8.4767241067657e-15
4 0 3 8.4671375525518e-15
4 0 3 8.4659845893477e-15
4 0 3 6.0622717729938e-15
4 0 3 6.0580813726522e-15
4 0 3 6.0465094016555e-15
4 0 3 6.0385909934653e-15
4 0 3 4.0891215504049e-15
4 0 3 4.0777793029297e-15
4 0 3 4.0751712668631e-15
4 0 3 4.0686247923472e-15
4 0 3 9.7592576361732e-16
4 0 3 9.7302734312032e-16
4 0 3 9.7108181029946e-16
4 0 3 9.6736000970832e-16
4 0 3 6.626324168658e-16
4 0 3 6.6030460059881e-16
4 0 3 6.5867677815436e-16
4 0 3 6.5608621531181e-16
4 0 3 5.5894642075422e-16
4 0 3 5.5580647596079e-16
4 0 3 5.5341697678681e-16
4 0 3 5.5141254097402e-16
4 0 3 1.3023589781261e-16
4 0 3 1.2965123564774e-16
4 0 3 1.2929167647763e-16
4 0 3 1.2863051183528e-16
4 0 3 9.1282521260535e-17
4 0 3 9.0075939017426e-17
4 0 3 8.9605659085195e-17
4 0 3 8.8676374879063e-17
4 0 3 7.2595180725041e-17
4 0 3 7.2287883227334e-17
4 0 3 7.1583930655732e-17
4 0 3 7.1491843521837e-17
4 0 3 5.5085056915268e-17
4 0 3 5.4593949790369e-17
4 0 3 5.4212852976607e-17
4 0 3 5.3717436874104e-17
4 0 3 3.1276488574838e-17
4 0 3 3.089067451284e-17
4 0 3 3.0705132949286e-17
4 0 3 3.02911231635e-17
4 0 3 2.6397482803827e-17
4 0 3 2.6284187812231e-17
4 0 3 2.5812877884271e-17
4 0 3 2.539601347837e-17
4 0 3 2.1470545407011e-17
4 0 3 2.1088926756846e-17
4 0 3 2.0947106120892e-17
4 0 3 2.0478448941092e-17
4 0 3 1.2896718670315e-17
4 0 3 1.2798411890757e-17
4 0 3 1.2635072264781e-17
4 0 3 1.2388748142649e-17
4 0 3 6.1234089946805e-18
4 0 3 6.0317905592779e-18
4 0 3 5.9683955765272e-18
4 0 3 5.7203432019919e-18
4 0 3 4.6536919542622e-18
4 0 3 4.5110534231459e-18
4 0 3 4.4167640303003e-18
4 0 3 4.3147880280701e-18
4 0 3 3.7495187019195e-18
4 0 3 3.7077026262221e-18
4 0 3 3.5643681978446e-18
4 0 3 3.514794561302e-18
4 0 3 2.546684762782e-18
4 0 3 2.4788646777864e-18
4 0 3 2.312296984561e-18
4 0 3 2.2004764623631e-18
4 0 3 1.5844116688493e-18
4 0 3 1.4700364816905e-18
4 0 3 1.3477872517238e-18
4 0 3 1.234959856257e-18
4 0 3 9.2961233132488e-19
4 0 3 7.5306019770717e-19
4 0 3 6.0365386074259e-19
4 0 3 5.6344111866004e-19
4 0 3 5.2402293077209e-19
4 0 3 4.5896275809196e-19
4 0 3 4.1486066874617e-19
4 0 3 3.8921698128677e-19
4 0 3 3.4214756125955e-19
4 0 3 2.6068373783098e-19
4 0 3 2.5239564839098e-19
4 0 3 1.8838279361439e-19
4 0 3 1.6128604042331e-19
4 0 3 1.1931673627062e-19
4 0 3 7.318113273364e-20
4 0 3 -2.0317024616276e-20
4 1 0 0.0027532363204151
4 1 0 0.0027532362753418
4 1 0 0.002753236233798
4 1 0 0.002753236168766
4 1 0 0.0024423318277703
4 1 0 0.0024423318093832
4 1 0 0.0024423317568926
4 1 0 0.0024423317299489
4 1 0 0.0021342839598063
4 1 0 0.0021342839438993
4 1 0 0.0021342839069864
4 1 0 0.0021342838784047
4 1 0 0.0018201016697097
4 1 0 0.0018201016187017
4 1 0 0.0018201015980582
4 1 0 0.0018201015489326
4 1 0 0.0015530597809599
4 1 0 0.0015530597705
4 1 0 0.001553059742542
4 1 0 0.0015530597016257
4 1 0 0.0014768380444702
4 1 0 0.001476838025363
4 1 0 0.0014768380070586
4 1 0 0.0014768379726487
4 1 0 0.0013778458753086
4 1 0 0.001377845856587
4 1 0 0.0013778458314211
4 1 0 0.0013778457995972
4 1 0 0.0010855197277864
4 1 0 0.0010855197033042
4 1 0 0.0010855196969791
4 1 0 0.0010855196727721
4 1 0 0.00084554647657727
4 1 0 0.00084554647423338
4 1 0 0.0008455464626111
4 1 0 0.00084554644548859
4 1 0 0.00067020140919409
4 1 0 0.00067020139787451
4 1 0 0.00067020138428787
4 1 0 0.00067020136883383
4 1 0 2.4734869162945e-12
4 1 0 2.4728639376693e-12
4 1 0 2.4722507769716e-12
4 1 0 2.472023072302e-12
4 1 0 1.8480357191069e-12
4 1 0 1.8478708185145e-12
4 1 0 1.8474314068184e-12
4 1 0 1.8472614901952e-12
4 1 0 1.694750618298e-12
4 1 0 1.6945116465841e-12
4 1 0 1.6942708655647e-12
4 1 0 1.6937448649807e-12
4 1 0 1.3245466882368e-12
4 1 0 1.3239528235349e-12
4 1 0 1.3237151929315e-12
4 1 0 1.3231856734357e-12
4 1 0 1.1902791143347e-12
4 1 0 1.1901235879552e-12
4 1 0 1.1899990525175e-12
4 1 0 1.1898116826814e-12
4 1 0 9.479051496673e-13
4 1 0 9.4755122751943e-13
4 1 0 9.4744647055016e-13
4 1 0 9.4735187535446e-13
4 1 0 8.3571695383426e-13
4 1 0 8.3547604575461e-13
4 1 0 8.3538390319912e-13
4 1 0 8.3509162861142e-13
4 1 0 7.2251417183742e-13
4 1 0 7.2236818584069e-13
4 1 0 7.2224331745794e-13
4 1 0 7.2203756708422e-13
4 1 0 6.6038562135669e-13
4 1 0 6.6021938197004e-13
4 1 0 6.5999546743726e-13
4 1 0 6.5981955387214e-13
4 1 0 5.051026452854e-13
4 1 0 5.0499707820654e-13
4 1 0 5.0493564525258e-13
4 1 0 5.0480755087502e-13
4 1 0 4.305455177847e-13
4 1 0 4.3047089727788e-13
4 1 0 4.3035274784834e-13
4 1 0 4.3013237265657e-13
4 1 0 3.539094273217e-13
4 1 0 3.5387110644927e-13
4 1 0 3.5376898810629e-13
4 1 0 3.5365645774097e-13
4 1 0 3.0063149687295e-13
4 1 0 3.0049855057196e-13
4 1 0 3.0040590301479e-13
4 1 0 3.002927843518e-13
4 1 0 2.7795133966155e-13
4 1 0 2.7791569979061e-13
4 1 0 2.7783299405411e-13
4 1 0 2.7776147243366e-13
4 1 0 2.7086590221472e-13
4 1 0 2.707375396628e-13
4 1 0 2.7069790789911e-13
4 1 0 2.705994975081e-13
4 1 0 2.0178472473228e-13
4 1 0 2.0167599411786e-13
4 1 0 2.0162683528446e-13
4 1 0 2.0150917042985e-13
4 1 0 1.8968896526715e-13
4 1 0 1.8968540860589e-13
4 1 0 1.8962358746537e-13
4 1 0 1.8953930080934e-13
4 1 0 1.667647367214e-13
4 1 0 1.6671386283815e-13
4 1 0 1.6665535540771e-13
4 1 0 1.6663993003333e-13
4 1 0 1.4624938780512e-13
4 1 0 1.4621204357806e-13
4 1 0 1.4617327953284e-13
4 1 0 1.4611556704976e-13
4 1 0 1.1980409272303e-13
4 1 0 1.1979565996023e-13
4 1 0 1.197640742286e-13
4 1 0 1.1969519026956e-13
4 1 0 8.7006903078704e-14
4 1 0 8.6979027176591e-14
4 1 0 8.6934747499233e-14
4 1 0 8.6899203997784e-14
4 1 0 8.0560233522986e-14
4 1 0 8.0512821753372e-14
4 1 0 8.0463820683347e-14
4 1 0 8.0430217849817e-14
4 1 0 6.4345518399993e-14
4 1 0 6.4306537211232e-14
4 1 0 6.4274347113336e-14
4 1 0 6.4259360158751e-14
4 1 0 3.7993276288032e-14
4 1 0 3.7967596171379e-14
4 1 0 3.7942651998379e-14
4 1 0 3.7910832925899e-14
4 1 0 3.3055304018213e-14
4 1 0 3.3032725251078e-14
4 1 0 3.3002779503016e-14
4 1 0 3.2972551124572e-14
4 1 0 2.4777739231875e-14
4 1 0 2.476519322339e-14
4 1 0 2.4756043052945e-14
4 1 0 2.474198248712e-14
4 1 0 1.7332396610132e-14
4 1 0 1.7320435962289e-14
4 1 0 1.7303865304352e-14
4 1 0 1.7290834631777e-14
4 1 0 8.4935734694647e-15
4 1 0 8.4783389745389e-15
4 1 0 8.4688662915925e-15
4 1 0 8.4641423154504e-15
4 1 0 6.0622392401811e-15
4 1 0 6.053656904188e-15
4 1 0 6.0505168233818e-15
4 1 0 6.0440518736224e-15
4 1 0 4.0905315516902e-15
4 1 0 4.0860150933978e-15
4 1 0 4.0772408255332e-15
4 1 0 4.0683856187299e-15
4 1 0 9.7612306201071e-16
4 1 0 9.7333932678086e-16
4 1 0 9.7101727336471e-16
4 1 0 9.6871014287017e-16
4 1 0 6.6185160350952e-16
4 1 0 6.6018443451397e-16
4 1 0 6.5855214439512e-16
4 1 0 6.5545174013497e-16
4 1 0 5.610561552573e-16
4 1 0 5.5875400565034e-16
4 1 0 5.5498628215359e-16
4 1 0 5.5324725327637e-16
4 1 0 1.3095479025821e-16
4 1 0 1.3044760669538e-16
4 1 0 1.2978729201568e-16
4 1 0 1.2910532239117e-16
4 1 0 9.0918453049806e-17
4 1 0 9.0130450186706e-17
4 1 0 8.9358017512384e-17
4 1 0 8.8740066218501e-17
4 1 0 7.2614763872301e-17
4 1 0 7.2402874909014e-17
4 1 0 7.1951631828678e-17
4 1 0 7.1619098601808e-17
4 1 0 5.4817083621757e-17
4 1 0 5.4757117624575e-17
4 1 0 5.447228686324e-17
4 1 0 5.4127155449687e-17
4 1 0 3.1401039487991e-17
4 1 0 3.0875623785588e-17
4 1 0 3.076575581301e-17
4 1 0 3.0666725789218e-17
4 1 0 2.6295576644945e-17
4 1 0 2.6046511577403e-17
4 1 0 2.5806015449919e-17
4 1 0 2.5606828295487e-17
4 1 0 2.1459614515652e-17
4 1 0 2.1243964167083e-17
4 1 0 2.1040454142172e-17
4 1 0 2.0687190379356e-17
4 1 0 1.2905251919723e-17
4 1 0 1.2576293756651e-17
4 1 0 1.245798539543e-17
4 1 0 1.2277136298206e-17
4 1 0 6.1299702672031e-18
4 1 0 6.0277910377801e-18
4 1 0 5.923493144624e-18
4 1 0 5.6921875764857e-18
4 1 0 4.6535646012368e-18
4 1 0 4.4973669077557e-18
4 1 0 4.4089494185944e-18
4 1 0 4.2654757346159e-18
4 1 0 3.662765442557e-18
4 1 0 3.6271197196555e-18
4 1 0 3.584137328369e-18
4 1 0 3.4737325597627e-18
4 1 0 2.5871768343576e-18
4 1 0 2.4163302043339e-18
4 1 0 2.2798029425978e-18
4 1 0 2.2016696743442e-18
4 1 0 1.4264550353633e-18
4 1 0 1.3427636552409e-18
4 1 0 1.2499812320908e-18
4 1 0 1.2082532523314e-18
4 1 0 8.9092786085898e-19
4 1 0 6.6186331563143e-19
4 1 0 6.5564449414284e-19
4 1 0 5.8114451591632e-19
4 1 0 4.9921141790165e-19
4 1 0 4.760283788925e-19
4 1 0 3.8468569722506e-19
4 1 0 3.5590791335698e-19
4 1 0 3.0034088464177e-19
4 1 0 2.4592181670549e-19
4 1 0 2.0544557104514e-19
4 1 0 1.7895955174611e-19
4 1 0 1.4661848023163e-19
4 1 0 9.5450373945043e-20
4 1 0 5.5879565379304e-20
4 1 0 -5.8317878606717e-21
4 1 1 0.0024947000440471
4 1 1 0.002494700001741
4 1 1 0.0024946999820974
4 1 1 0.0024946999383255
4 1 1 0.0022273927245121
4 1 1 0.0022273926937939
4 1 1 0.0022273926572514
4 1 1 0.0022273926020138
4 1 1 0.0019762381788342
4 1 1 0.0019762381072193
4 1 1 0.0019762380723696
4 1 1 0.0019762380504766
4 1 1 0.0016682046228994
4 1 1 0.0016682046034413
4 1 1 0.0016682045749411
4 1 1 0.001668204505297
4 1 1 0.0015854225125121
4 1 1 0.001585422475359
4 1 1 0.0015854224581227
4 1 1 0.0015854224400705
4 1 1 0.0014381391281118
4 1 1 0.001438139101851
4 1 1 0.001438139079294
4 1 1 0.0014381390660705
4 1 1 0.001239213050726
4 1 1 0.0012392130374584
4 1 1 0.0012392130109977
4 1 1 0.0012392129997437
4 1 1 0.0010637822455518
4 1 1 0.0010637822310802
4 1 1 0.0010637822165521
4 1 1 0.0010637821886217
4 1 1 0.00085491507094968
4 1 1 0.00085491505122291
4 1 1 0.00085491504487901
4 1 1 0.00085491503468996
4 1 1 0.00064354339831314
4 1 1 0.00064354338841662
4 1 1 0.00064354337892873
4 1 1 0.00064354336324638
4 1 1 2.8008251175156e-12
4 1 1 2.8001391934454e-12
4 1 1 2.7999047080219e-12
4 1 1 2.7993684324474e-12
4 1 1 1.7046136753648e-12
4 1 1 1.7044158168819e-12
4 1 1 1.7041798546018e-12
4 1 1 1.7036511770388e-12
4 1 1 1.4541721194436e-12
4 1 1 1.4537068223564e-12
4 1 1 1.453423656704e-12
4 1 1 1.4532427608592e-12
4 1 1 1.3347848034667e-12
4 1 1 1.3344729521059e-12
4 1 1 1.3340981044647e-12
4 1 1 1.3338010674552e-12
4 1 1 1.1849967749297e-12
4 1 1 1.184684518967e-12
4 1 1 1.1842948256201e-12
4 1 1 1.1841759262122e-12
4 1 1 1.0294650475444e-12
4 1 1 1.0291355023085e-12
4 1 1 1.0288115357733e-12
4 1 1 1.028581760673e-12
4 1 1 8.983054620437e-13
4 1 1 8.9816764780849e-13
4 1 1 8.9804125157228e-13
4 1 1 8.977740658553e-13
4 1 1 7.8543326687495e-13
4 1 1 7.8529303611803e-13
4 1 1 7.8512105982428e-13
4 1 1 7.8477400040504e-13
4 1 1 6.5065455431277e-13
4 1 1 6.5039517817554e-13
4 1 1 6.5018175180414e-13
4 1 1 6.5004080540202e-13
4 1 1 5.2356061596741e-13
4 1 1 5.2338057465533e-13
4 1 1 5.2325918417304e-13
4 1 1 5.2312576658459e-13
4 1 1 4.603991237108e-13
4 1 1 4.6029542061058e-13
4 1 1 4.6014702632334e-13
4 1 1 4.6007247668392e-13
4 1 1 4.2116859376184e-13
4 1 1 4.2105665692742e-13
4 1 1 4.2096245300183e-13
4 1 1 4.2088269676085e-13
4 1 1 3.2095046977065e-13
4 1 1 3.2086926535688e-13
4 1 1 3.207456320056e-13
4 1 1 3.2071295111814e-13
4 1 1 2.8445596323171e-13
4 1 1 2.8436057809604e-13
4 1 1 2.8433511667959e-13
4 1 1 2.8420780742967e-13
4 1 1 2.6097936979431e-13
4 1 1 2.6090849991523e-13
4 1 1 2.6080863424828e-13
4 1 1 2.6076197676459e-13
4 1 1 2.490507219997e-13
4 1 1 2.4901135538251e-13
4 1 1 2.4897007421217e-13
4 1 1 2.4892860905377e-13
4 1 1 1.9127562906074e-13
4 1 1 1.9120034469315e-13
4 1 1 1.9114968048785e-13
4 1 1 1.9110754247188e-13
4 1 1 1.778379098483e-13
4 1 1 1.7776910840594e-13
4 1 1 1.7769251765492e-13
4 1 1 1.7761530984274e-13
4 1 1 1.4403478778586e-13
4 1 1 1.4397943765922e-13
4 1 1 1.439523816053e-13
4 1 1 1.4393608973295e-13
4 1 1 1.1199366345444e-13
4 1 1 1.119721514946e-13
4 1 1 1.1191719165152e-13
4 1 1 1.1186657553853e-13
4 1 1 1.0121555801676e-13
4 1 1 1.011834022005e-13
4 1 1 1.0111069530259e-13
4 1 1 1.0108192692014e-13
4 1 1 7.6461099154719e-14
4 1 1 7.6442856611898e-14
4 1 1 7.6417499563558e-14
4 1 1 7.6374408634433e-14
4 1 1 6.5510400816963e-14
4 1 1 6.5488797537058e-14
4 1 1 6.5467921334268e-14
4 1 1 6.5435433982645e-14
4 1 1 4.8916357079411e-14
4 1 1 4.8900054852672e-14
4 1 1 4.8879948349288e-14
4 1 1 4.8835620211767e-14
4 1 1 3.8957287478996e-14
4 1 1 3.8942083278916e-14
4 1 1 3.8907491803348e-14
4 1 1 3.8881034041994e-14
4 1 1 3.3833258543503e-14
4 1 1 3.3820000688372e-14
4 1 1 3.378556672116e-14
4 1 1 3.3751209329849e-14
4 1 1 1.643567200437e-14
4 1 1 1.6430560086943e-14
4 1 1 1.6413666247434e-14
4 1 1 1.6398867437e-14
4 1 1 1.2179329046808e-14
4 1 1 1.2169727174908e-14
4 1 1 1.2165869205005e-14
4 1 1 1.2141805317043e-14
4 1 1 8.4406188610591e-15
4 1 1 8.4348690448252e-15
4 1 1 8.4274890238444e-15
4 1 1 8.4219269258378e-15
4 1 1 3.7101581565623e-15
4 1 1 3.7042594389063e-15
4 1 1 3.7005351737643e-15
4 1 1 3.6939024263241e-15
4 1 1 1.9429599763968e-15
4 1 1 1.9409177401975e-15
4 1 1 1.9344769274605e-15
4 1 1 1.9305825451044e-15
4 1 1 6.5819816016087e-16
4 1 1 6.5677637885035e-16
4 1 1 6.5460418610256e-16
4 1 1 6.5191380361627e-16
4 1 1 5.4146409356803e-16
4 1 1 5.3941957084239e-16
4 1 1 5.3572455519098e-16
4 1 1 5.3280132039076e-16
4 1 1 1.4755928465487e-16
4 1 1 1.4680636413566e-16
4 1 1 1.4622976163743e-16
4 1 1 1.4566739869904e-16
4 1 1 9.7500152455927e-17
4 1 1 9.683244344855e-17
4 1 1 9.6647523578212e-17
4 1 1 9.644367339456e-17
4 1 1 7.506881197632e-17
4 1 1 7.4636922684074e-17
4 1 1 7.4077730967236e-17
4 1 1 7.3406669360718e-17
4 1 1 5.0523113720201e-17
4 1 1 5.0072230308559e-17
4 1 1 4.9788879986259e-17
4 1 1 4.9133918160757e-17
4 1 1 3.4749620768221e-17
4 1 1 3.4376984457285e-17
4 1 1 3.4055155923466e-17
4 1 1 3.3942919874379e-17
4 1 1 3.1017659266232e-17
4 1 1 3.0771645116537e-17
4 1 1 3.0544399928052e-17
4 1 1 3.0335576082181e-17
4 1 1 1.6861958727688e-17
4 1 1 1.6665290897681e-17
4 1 1 1.6402277470019e-17
4 1 1 1.6239240240688e-17
4 1 1 1.5022458339426e-17
4 1 1 1.4759844806817e-17
4 1 1 1.4423376193042e-17
4 1 1 1.4187460032449e-17
4 1 1 1.0388376746699e-17
4 1 1 1.0323023182401e-17
4 1 1 1.0158644587208e-17
4 1 1 1.0034446983103e-17
4 1 1 4.4234850078121e-18
4 1 1 4.351598216905e-18
4 1 1 4.2858397903023e-18
4 1 1 4.1130766047214e-18
4 1 1 3.7611920067242e-18
4 1 1 3.5705834603118e-18
4 1 1 3.4888411292864e-18
4 1 1 3.4296935897511e-18
4 1 1 2.8275928524694e-18
4 1 1 2.7792182019482e-18
4 1 1 2.7110084806507e-18
4 1 1 2.5786281528818e-18
4 1 1 1.5915675736146e-18
4 1 1 1.5154685784443e-18
4 1 1 1.4546708767992e-18
4 1 1 1.3397531214978e-18
4 1 1 8.8927807573014e-19
4 1 1 7.3396895965979e-19
4 1 1 6.3265807698631e-19
4 1 1 5.7201229217716e-19
4 1 1 5.1568096532983e-19
4 1 1 4.8812966436796e-19
4 1 1 4.6334578967316e-19
4 1 1 4.3895701020088e-19
4 1 1 3.4639053590746e-19
4 1 1 3.2425681167516e-19
4 1 1 2.9574334761054e-19
4 1 1 2.1951054437703e-19
4 1 1 1.3218771103546e-19
4 1 1 1.1633215241116e-19
4 1 1 7.7330389015243e-20
4 1 1 -1.3804090327954e-20
4 1 2 0.0024935499102399
4 1 2 0.0024935498841407
4 1 2 0.0024935498536829
4 1 2 0.0024935498393046
4 1 2 0.0021813485029028
4 1 2 0.002181348477032
4 1 2 0.0021813484728307
4 1 2 0.0021813484459136
4 1 2 0.0018562189815669
4 1 2 0.0018562189411006
4 1 2 0.0018562189299274
4 1 2 0.001856218890909
4 1 2 0.0016440112276809
4 1 2 0.0016440112082853
4 1 2 0.0016440111931922
4 1 2 0.0016440111578853
4 1 2 0.0015695140696473
4 1 2 0.0015695140531724
4 1 2 0.0015695140374566
4 1 2 0.0015695140257666
4 1 2 0.0013596494659476
4 1 2 0.0013596494572623
4 1 2 0.0013596494358613
4 1 2 0.0013596494184942
4 1 2 0.0010943039436252
4 1 2 0.0010943039207058
4 1 2 0.0010943039130064
4 1 2 0.0010943038981294
4 1 2 0.00082774373787553
4 1 2 0.00082774372110662
4 1 2 0.00082774371047233
4 1 2 0.00082774370036385
4 1 2 0.00057852467429682
4 1 2 0.00057852466903227
4 1 2 0.00057852465175874
4 1 2 0.00057852464498812
4 1 2 0.00056131282448298
4 1 2 0.00056131281158799
4 1 2 0.00056131279405002
4 1 2 0.00056131278286265
4 1 2 2.0082057879892e-12
4 1 2 2.0080448516771e-12
4 1 2 2.0078650424186e-12
4 1 2 2.0074025607335e-12
4 1 2 1.857798686573e-12
4 1 2 1.8576029560253e-12
4 1 2 1.8570669403762e-12
4 1 2 1.8566888750725e-12
4 1 2 1.5131308006407e-12
4 1 2 1.5129167787598e-12
4 1 2 1.5125013792738e-12
4 1 2 1.5123010006901e-12
4 1 2 1.4586240169666e-12
4 1 2 1.4583379535112e-12
4 1 2 1.4580161729439e-12
4 1 2 1.457867924682e-12
4 1 2 1.1778580492649e-12
4 1 2 1.1776199334563e-12
4 1 2 1.1775331412163e-12
4 1 2 1.177231672376e-12
4 1 2 1.0512623220258e-12
4 1 2 1.0511847250653e-12
4 1 2 1.0509280571876e-12
4 1 2 1.0507808502334e-12
4 1 2 8.7754261774344e-13
4 1 2 8.7740070431047e-13
4 1 2 8.7723688699026e-13
4 1 2 8.7695959918356e-13
4 1 2 6.793693787207e-13
4 1 2 6.7917746703615e-13
4 1 2 6.7904439939505e-13
4 1 2 6.7885828894397e-13
4 1 2 6.5410088395175e-13
4 1 2 6.5405852047162e-13
4 1 2 6.538283731064e-13
4 1 2 6.5368982306858e-13
4 1 2 5.8014911437636e-13
4 1 2 5.800846869375e-13
4 1 2 5.7992583455168e-13
4 1 2 5.797015829043e-13
4 1 2 4.7524282096567e-13
4 1 2 4.7512458980115e-13
4 1 2 4.7497505352841e-13
4 1 2 4.7488086926643e-13
4 1 2 4.1544099627456e-13
4 1 2 4.1534080544577e-13
4 1 2 4.1527592674356e-13
4 1 2 4.1517367334508e-13
4 1 2 3.6120139374563e-13
4 1 2 3.6102556585691e-13
4 1 2 3.6081808273601e-13
4 1 2 3.6055776670057e-13
4 1 2 3.0927880406694e-13
4 1 2 3.0917613439974e-13
4 1 2 3.0914658201199e-13
4 1 2 3.0906832577677e-13
4 1 2 2.7999251165509e-13
4 1 2 2.7992722159831e-13
4 1 2 2.7972475475112e-13
4 1 2 2.7966659673943e-13
4 1 2 2.5567651020287e-13
4 1 2 2.5561591622571e-13
4 1 2 2.555115095194e-13
4 1 2 2.5542244684938e-13
4 1 2 2.3502164632382e-13
4 1 2 2.3492933360771e-13
4 1 2 2.3485659967043e-13
4 1 2 2.3484102232529e-13
4 1 2 1.9842664677216e-13
4 1 2 1.9839257087354e-13
4 1 2 1.9829058447922e-13
4 1 2 1.9826254117382e-13
4 1 2 1.7287120670523e-13
4 1 2 1.727765494095e-13
4 1 2 1.7272951896506e-13
4 1 2 1.7264356836405e-13
4 1 2 1.4289970844407e-13
4 1 2 1.4286485619177e-13
4 1 2 1.4283645476287e-13
4 1 2 1.4280359434776e-13
4 1 2 1.3474361717792e-13
4 1 2 1.3470014494207e-13
4 1 2 1.3465832700388e-13
4 1 2 1.3462417409458e-13
4 1 2 1.2272434838236e-13
4 1 2 1.2266245130458e-13
4 1 2 1.2262195335904e-13
4 1 2 1.2259821889948e-13
4 1 2 9.9775778696873e-14
4 1 2 9.974319449464e-14
4 1 2 9.970626083564e-14
4 1 2 9.9682517954672e-14
4 1 2 7.6816572853458e-14
4 1 2 7.6781978288778e-14
4 1 2 7.6753317710548e-14
4 1 2 7.670734221352e-14
4 1 2 5.5541249043572e-14
4 1 2 5.5496837249496e-14
4 1 2 5.5465789038142e-14
4 1 2 5.5454613155885e-14
4 1 2 3.2601934774082e-14
4 1 2 3.2587018779958e-14
4 1 2 3.2583822598947e-14
4 1 2 3.2562184124202e-14
4 1 2 2.7307647347137e-14
4 1 2 2.7288719438357e-14
4 1 2 2.7273153142122e-14
4 1 2 2.7267915583491e-14
4 1 2 2.0878465226494e-14
4 1 2 2.0870030681941e-14
4 1 2 2.0855861964288e-14
4 1 2 2.0842742357593e-14
4 1 2 1.3714308880718e-14
4 1 2 1.3701901181077e-14
4 1 2 1.3691965110051e-14
4 1 2 1.3686516075141e-14
4 1 2 4.1229924212414e-15
4 1 2 4.1162792989182e-15
4 1 2 4.1099343638207e-15
4 1 2 4.1069603924496e-15
4 1 2 1.8157217632485e-15
4 1 2 1.8116083716897e-15
4 1 2 1.8076897213091e-15
4 1 2 1.8049878467126e-15
4 1 2 5.5223981369467e-16
4 1 2 5.5156655013063e-16
4 1 2 5.4986652078567e-16
4 1 2 5.4780471377815e-16
4 1 2 2.9480961635888e-16
4 1 2 2.9402544451718e-16
4 1 2 2.9309725025432e-16
4 1 2 2.9133898360244e-16
4 1 2 1.0763988089619e-16
4 1 2 1.0729382599788e-16
4 1 2 1.0689808736013e-16
4 1 2 1.0635128655535e-16
4 1 2 6.8401417800118e-17
4 1 2 6.8063725052601e-17
4 1 2 6.7488205411536e-17
4 1 2 6.7110455621522e-17
4 1 2 5.2302702922944e-17
4 1 2 5.2084739835728e-17
4 1 2 5.1867563880297e-17
4 1 2 5.1404659570258e-17
4 1 2 4.1402376040327e-17
4 1 2 4.0686645739391e-17
4 1 2 4.0560730326671e-17
4 1 2 4.0219774822159e-17
4 1 2 2.8984973285218e-17
4 1 2 2.8497235763566e-17
4 1 2 2.8462070210091e-17
4 1 2 2.8188638343178e-17
4 1 2 2.3770724471113e-17
4 1 2 2.3614463909992e-17
4 1 2 2.3352592134838e-17
4 1 2 2.2996664977072e-17
4 1 2 1.6738056530733e-17
4 1 2 1.6545201904809e-17
4 1 2 1.6342469177646e-17
4 1 2 1.6273718599859e-17
4 1 2 1.0574033030613e-17
4 1 2 1.0426259703836e-17
4 1 2 1.0392044028e-17
4 1 2 1.012347480003e-17
4 1 2 5.9802958217572e-18
4 1 2 5.7232561851018e-18
4 1 2 5.6719369915482e-18
4 1 2 5.4490849761888e-18
4 1 2 3.3975081667622e-18
4 1 2 3.255092958052e-18
4 1 2 3.232664943255e-18
4 1 2 3.077338641927e-18
4 1 2 2.7602881022543e-18
4 1 2 2.6428520724542e-18
4 1 2 2.5785849964084e-18
4 1 2 2.5011105945652e-18
4 1 2 2.1937018572811e-18
4 1 2 2.075995872533e-18
4 1 2 1.9822902310271e-18
4 1 2 1.8300164337038e-18
4 1 2 1.4386142374409e-18
4 1 2 1.3592935046921e-18
4 1 2 1.2821666708939e-18
4 1 2 1.1976126941754e-18
4 1 2 9.0367350957295e-19
4 1 2 8.3642373209606e-19
4 1 2 7.5211053132932e-19
4 1 2 6.9521126021709e-19
4 1 2 5.9589878170607e-19
4 1 2 5.5461974381762e-19
4 1 2 4.9450162394039e-19
4 1 2 4.8872180874593e-19
4 1 2 4.1455443959495e-19
4 1 2 3.8891323932377e-19
4 1 2 3.434377691526e-19
4 1 2 2.6063611699148e-19
4 1 2 2.1673753036672e-19
4 1 2 1.6107375622553e-19
4 1 2 6.8616065275379e-20
4 1 2 1.9519963009378e-20
4 1 3 0.0024947000417825
4 1 3 0.0024946999910305
4 1 3 0.0024946999714741
4 1 3 0.0024946999226379
4 1 3 0.0022273926994489
4 1 3 0.0022273926776738
4 1 3 0.0022273926554764
4 1 3 0.0022273926437744
4 1 3 0.0019762381428682
4 1 3 0.0019762381145299
4 1 3 0.0019762380936721
4 1 3 0.0019762380738934
4 1 3 0.0016682046072651
4 1 3 0.0016682045927075
4 1 3 0.0016682045666743
4 1 3 0.0016682045127211
4 1 3 0.0015854225028275
4 1 3 0.0015854224785233
4 1 3 0.0015854224512284
4 1 3 0.0015854224447399
4 1 3 0.0014381391322687
4 1 3 0.0014381390948199
4 1 3 0.0014381390809482
4 1 3 0.0014381390612019
4 1 3 0.0012392130476319
4 1 3 0.0012392130378059
4 1 3 0.001239213016487
4 1 3 0.001239212999204
4 1 3 0.0010637822573275
4 1 3 0.001063782231028
4 1 3 0.0010637822180518
4 1 3 0.0010637821974048
4 1 3 0.00085491506060523
4 1 3 0.00085491504719116
4 1 3 0.00085491503709
4 1 3 0.00085491502100563
4 1 3 0.00064354340658103
4 1 3 0.00064354339281184
4 1 3 0.00064354338936497
4 1 3 0.00064354336998439
4 1 3 2.8006670279461e-12
4 1 3 2.8003537175439e-12
4 1 3 2.7998617769675e-12
4 1 3 2.7994455229982e-12
4 1 3 1.7049108983312e-12
4 1 3 1.7042598730623e-12
4 1 3 1.7041130277803e-12
4 1 3 1.7037215155386e-12
4 1 3 1.4539667999284e-12
4 1 3 1.4538596400855e-12
4 1 3 1.453514187306e-12
4 1 3 1.453321343091e-12
4 1 3 1.3350034330251e-12
4 1 3 1.3346952657136e-12
4 1 3 1.334453718278e-12
4 1 3 1.333783174995e-12
4 1 3 1.184895313465e-12
4 1 3 1.1847224599369e-12
4 1 3 1.1844693426993e-12
4 1 3 1.1842964180139e-12
4 1 3 1.0293066618406e-12
4 1 3 1.0291018971192e-12
4 1 3 1.0289467636317e-12
4 1 3 1.0287070589718e-12
4 1 3 8.9824395925651e-13
4 1 3 8.9816725699125e-13
4 1 3 8.9799906231389e-13
4 1 3 8.9777413838954e-13
4 1 3 7.8551938679003e-13
4 1 3 7.8527532551443e-13
4 1 3 7.8513695943119e-13
4 1 3 7.8501094821612e-13
4 1 3 6.5066136235976e-13
4 1 3 6.5039968336603e-13
4 1 3 6.5018091249616e-13
4 1 3 6.5001286509733e-13
4 1 3 5.2341114540918e-13
4 1 3 5.2324987508324e-13
4 1 3 5.2322445931386e-13
4 1 3 5.2306981358325e-13
4 1 3 4.6030381624598e-13
4 1 3 4.6019439118597e-13
4 1 3 4.6008450746209e-13
4 1 3 4.6003278180418e-13
4 1 3 4.2113311307347e-13
4 1 3 4.2104704991133e-13
4 1 3 4.2098843827775e-13
4 1 3 4.2084141998463e-13
4 1 3 3.2091602787264e-13
4 1 3 3.2084231742954e-13
4 1 3 3.2080461550337e-13
4 1 3 3.2073484853077e-13
4 1 3 2.8447327718714e-13
4 1 3 2.8437537370346e-13
4 1 3 2.8424913821523e-13
4 1 3 2.8409633444872e-13
4 1 3 2.6104772317797e-13
4 1 3 2.6093978206576e-13
4 1 3 2.6088796907889e-13
4 1 3 2.6080875035567e-13
4 1 3 2.4909684107903e-13
4 1 3 2.4901358057422e-13
4 1 3 2.4896505578534e-13
4 1 3 2.4892749550463e-13
4 1 3 1.9127202625556e-13
4 1 3 1.9124150668795e-13
4 1 3 1.9111335990126e-13
4 1 3 1.9107215062665e-13
4 1 3 1.7783725313957e-13
4 1 3 1.7775892230319e-13
4 1 3 1.7768082027583e-13
4 1 3 1.7758177482668e-13
4 1 3 1.4402458348512e-13
4 1 3 1.4398605707045e-13
4 1 3 1.4394224018348e-13
4 1 3 1.4390622780608e-13
4 1 3 1.1199197147215e-13
4 1 3 1.1194731782808e-13
4 1 3 1.1190876026346e-13
4 1 3 1.1188686922295e-13
4 1 3 1.0123461678973e-13
4 1 3 1.011871986282e-13
4 1 3 1.0115504586608e-13
4 1 3 1.0110129594534e-13
4 1 3 7.6448540820481e-14
4 1 3 7.641673548308e-14
4 1 3 7.6410601060439e-14
4 1 3 7.63640995094e-14
4 1 3 6.5522384137738e-14
4 1 3 6.549661341504e-14
4 1 3 6.5481365595761e-14
4 1 3 6.5448067772265e-14
4 1 3 4.8911423194099e-14
4 1 3 4.8893171364279e-14
4 1 3 4.8873125874523e-14
4 1 3 4.8860070289493e-14
4 1 3 3.893725483481e-14
4 1 3 3.8928556085281e-14
4 1 3 3.8901265648082e-14
4 1 3 3.8890857185701e-14
4 1 3 3.3820128123756e-14
4 1 3 3.380225986745e-14
4 1 3 3.376869278474e-14
4 1 3 3.3757106067085e-14
4 1 3 1.6443970136938e-14
4 1 3 1.6421846178535e-14
4 1 3 1.6413856525033e-14
4 1 3 1.6399309186767e-14
4 1 3 1.2180060102309e-14
4 1 3 1.2175263215324e-14
4 1 3 1.2171104593343e-14
4 1 3 1.2158263553311e-14
4 1 3 8.4383736908906e-15
4 1 3 8.4338964954552e-15
4 1 3 8.4247092139617e-15
4 1 3 8.4186911285631e-15
4 1 3 3.7110236331713e-15
4 1 3 3.7054584043378e-15
4 1 3 3.7020203612197e-15
4 1 3 3.6989501786373e-15
4 1 3 1.9406009454208e-15
4 1 3 1.9379437860665e-15
4 1 3 1.9328371771596e-15
4 1 3 1.9298994137319e-15
4 1 3 6.5823749594828e-16
4 1 3 6.5653048331424e-16
4 1 3 6.540468191412e-16
4 1 3 6.5251393514955e-16
4 1 3 5.4150485348743e-16
4 1 3 5.3866994257514e-16
4 1 3 5.3611444722841e-16
4 1 3 5.3521316903823e-16
4 1 3 1.4727812108143e-16
4 1 3 1.4656217497728e-16
4 1 3 1.4600519178534e-16
4 1 3 1.4567680850855e-16
4 1 3 9.7735327945441e-17
4 1 3 9.7128735134418e-17
4 1 3 9.6785739821982e-17
4 1 3 9.5862513675722e-17
4 1 3 7.5041840124959e-17
4 1 3 7.466724040599e-17
4 1 3 7.3853178115659e-17
4 1 3 7.3558076381604e-17
4 1 3 5.0455551691254e-17
4 1 3 5.0258822817771e-17
4 1 3 4.9803720943885e-17
4 1 3 4.9449970623584e-17
4 1 3 3.4596175072219e-17
4 1 3 3.4384028754496e-17
4 1 3 3.3949078729326e-17
4 1 3 3.3697096979821e-17
4 1 3 3.121793113571e-17
4 1 3 3.0658407858511e-17
4 1 3 3.0607638535171e-17
4 1 3 3.0288076153218e-17
4 1 3 1.6868503634988e-17
4 1 3 1.6805533768874e-17
4 1 3 1.6386523954955e-17
4 1 3 1.6266356537085e-17
4 1 3 1.5071175547235e-17
4 1 3 1.4683596138691e-17
4 1 3 1.454370707708e-17
4 1 3 1.4383632909489e-17
4 1 3 1.0378105157796e-17
4 1 3 1.0232332309594e-17
4 1 3 1.0053690376763e-17
4 1 3 1.0007258764001e-17
4 1 3 4.3666254191437e-18
4 1 3 4.2825120166623e-18
4 1 3 4.2464061045894e-18
4 1 3 4.1441918946242e-18
4 1 3 3.7417234634798e-18
4 1 3 3.6397855035226e-18
4 1 3 3.5158414781848e-18
4 1 3 3.4030141421415e-18
4 1 3 2.843131990941e-18
4 1 3 2.7261260718885e-18
4 1 3 2.6600378492613e-18
4 1 3 2.5815877139308e-18
4 1 3 1.6255585990345e-18
4 1 3 1.5825865273725e-18
4 1 3 1.4799775097344e-18
4 1 3 1.4020826336174e-18
4 1 3 9.7509587444374e-19
4 1 3 7.9870800622525e-19
4 1 3 6.7851858940993e-19
4 1 3 6.1575980574534e-19
4 1 3 5.3714869498068e-19
4 1 3 5.1627891685737e-19
4 1 3 4.5852306002935e-19
4 1 3 4.0424996806211e-19
4 1 3 3.4370684050982e-19
4 1 3 3.3312103474561e-19
4 1 3 2.7449414872326e-19
4 1 3 2.3447145031662e-19
4 1 3 1.6813814437281e-19
4 1 3 1.4406122114503e-19
4 1 3 9.4751354898584e-20
4 1 3 -2.0414064583516e-20
4 2 0 0.0027531834878413
4 2 0 0.0027531834609035
4 2 0 0.0027531834280159
4 2 0 0.0027531833965475
4 2 0 0.0024350944826239
4 2 0 0.0024350944267755
4 2 0 0.0024350943900668
4 2 0 0.0024350943633186
4 2 0 0.0020368649026054
4 2 0 0.0020368648744476
4 2 0 0.0020368648040851
4 2 0 0.0020368647761248
4 2 0 0.0016574201543933
4 2 0 0.0016574201239344
4 2 0 0.0016574201064706
4 2 0 0.0016574200918717
4 2 0 0.0016101400990222
4 2 0 0.001610140063841
4 2 0 0.0016101400446564
4 2 0 0.0016101400233472
4 2 0 0.0015541068870115
4 2 0 0.0015541068640347
4 2 0 0.0015541068519126
4 2 0 0.0015541068213333
4 2 0 0.0012613382668953
4 2 0 0.001261338243252
4 2 0 0.0012613382280014
4 2 0 0.0012613382000503
4 2 0 0.0010412733384941
4 2 0 0.0010412733243074
4 2 0 0.0010412733191017
4 2 0 0.0010412733116752
4 2 0 0.00091484496071855
4 2 0 0.00091484494556964
4 2 0 0.00091484493258076
4 2 0 0.0009148449258383
4 2 0 0.00071455440548017
4 2 0 0.00071455438241554
4 2 0 0.00071455436523542
4 2 0 0.00071455433356918
4 2 0 0.00056029513748519
4 2 0 0.00056029512221054
4 2 0 0.00056029510360498
4 2 0 0.0005602950862558
4 2 0 1.7072825168915e-12
4 2 0 1.7070859456192e-12
4 2 0 1.7067130253926e-12
4 2 0 1.7063894485359e-12
4 2 0 1.5250894122057e-12
4 2 0 1.5248704604651e-12
4 2 0 1.5247295065415e-12
4 2 0 1.5244557393279e-12
4 2 0 1.4538242138601e-12
4 2 0 1.4534236221227e-12
4 2 0 1.452996603867e-12
4 2 0 1.4528312646866e-12
4 2 0 1.4437657065027e-12
4 2 0 1.4436490872755e-12
4 2 0 1.4433288624243e-12
4 2 0 1.4431849274649e-12
4 2 0 1.1554784169679e-12
4 2 0 1.1553692811021e-12
4 2 0 1.1550995402659e-12
4 2 0 1.1548235228146e-12
4 2 0 9.2488926194214e-13
4 2 0 9.2473611230021e-13
4 2 0 9.2442511234622e-13
4 2 0 9.2420123573595e-13
4 2 0 7.6814455991995e-13
4 2 0 7.6801357235453e-13
4 2 0 7.6786982590824e-13
4 2 0 7.677745303489e-13
4 2 0 6.5804174647285e-13
4 2 0 6.5775981304618e-13
4 2 0 6.5766533966713e-13
4 2 0 6.5748956727482e-13
4 2 0 5.7255959563674e-13
4 2 0 5.723906469985e-13
4 2 0 5.7216933172112e-13
4 2 0 5.7200322071329e-13
4 2 0 5.4268247580865e-13
4 2 0 5.425560299914e-13
4 2 0 5.4250567031657e-13
4 2 0 5.4234710705323e-13
4 2 0 3.9532923828549e-13
4 2 0 3.9527065475441e-13
4 2 0 3.9512897928873e-13
4 2 0 3.9499551049332e-13
4 2 0 3.6008306658379e-13
4 2 0 3.5989032989738e-13
4 2 0 3.5964724236159e-13
4 2 0 3.5936635935406e-13
4 2 0 3.4801960990311e-13
4 2 0 3.4791408749362e-13
4 2 0 3.4771122891929e-13
4 2 0 3.4751055669039e-13
4 2 0 3.3408487992278e-13
4 2 0 3.3391328552768e-13
4 2 0 3.3385708029518e-13
4 2 0 3.3381162822988e-13
4 2 0 3.0218068046261e-13
4 2 0 3.0210094102072e-13
4 2 0 3.0198191925719e-13
4 2 0 3.0190454114689e-13
4 2 0 2.464247128765e-13
4 2 0 2.4631546818072e-13
4 2 0 2.4626158417396e-13
4 2 0 2.461419310959e-13
4 2 0 1.8504637671471e-13
4 2 0 1.8499981032212e-13
4 2 0 1.849029341554e-13
4 2 0 1.8484932669001e-13
4 2 0 1.5103094077774e-13
4 2 0 1.5098961628505e-13
4 2 0 1.5092718622917e-13
4 2 0 1.5088004792097e-13
4 2 0 1.3236399706356e-13
4 2 0 1.3231501040603e-13
4 2 0 1.3222953445443e-13
4 2 0 1.3217940099702e-13
4 2 0 1.1569821657013e-13
4 2 0 1.1564698130371e-13
4 2 0 1.1562728843137e-13
4 2 0 1.1555376294047e-13
4 2 0 8.9133461720411e-14
4 2 0 8.9108190543832e-14
4 2 0 8.9068485631667e-14
4 2 0 8.9051803911523e-14
4 2 0 7.9093408806805e-14
4 2 0 7.9066492427096e-14
4 2 0 7.9043273705854e-14
4 2 0 7.9017106156364e-14
4 2 0 5.8078551092214e-14
4 2 0 5.8064762239874e-14
4 2 0 5.8049646448217e-14
4 2 0 5.8033462909867e-14
4 2 0 5.330602358825e-14
4 2 0 5.3284840410527e-14
4 2 0 5.3271631351314e-14
4 2 0 5.3250155177679e-14
4 2 0 4.3860215985002e-14
4 2 0 4.383787012522e-14
4 2 0 4.3809694774069e-14
4 2 0 4.3784682872643e-14
4 2 0 3.3304805744234e-14
4 2 0 3.3291322994682e-14
4 2 0 3.3281318748874e-14
4 2 0 3.3249248875507e-14
4 2 0 3.0167149492563e-14
4 2 0 3.0149996864647e-14
4 2 0 3.0128869544006e-14
4 2 0 3.0120725519838e-14
4 2 0 1.527208184835e-14
4 2 0 1.5268189341596e-14
4 2 0 1.525502848674e-14
4 2 0 1.5238172361731e-14
4 2 0 1.4378976410105e-14
4 2 0 1.4364984018733e-14
4 2 0 1.4349441085807e-14
4 2 0 1.4343840278965e-14
4 2 0 4.904198311641e-15
4 2 0 4.9019059645866e-15
4 2 0 4.8967409907079e-15
4 2 0 4.8936715191081e-15
4 2 0 9.2483123791198e-16
4 2 0 9.220299463836e-16
4 2 0 9.2088034193124e-16
4 2 0 9.175788384555e-16
4 2 0 6.6654841158939e-16
4 2 0 6.6269577887152e-16
4 2 0 6.6142633741735e-16
4 2 0 6.5982260412779e-16
4 2 0 2.8801662556168e-16
4 2 0 2.8655113858342e-16
4 2 0 2.8616974088583e-16
4 2 0 2.8383655814389e-16
4 2 0 1.0146871298637e-16
4 2 0 1.0063532758214e-16
4 2 0 1.0036991834637e-16
4 2 0 9.9590346756074e-17
4 2 0 6.2738052793573e-17
4 2 0 6.1806712722881e-17
4 2 0 6.1447214565711e-17
4 2 0 6.0963829653625e-17
4 2 0 5.7444847083229e-17
4 2 0 5.7145945620574e-17
4 2 0 5.6843505895923e-17
4 2 0 5.6306840305953e-17
4 2 0 4.534092788509e-17
4 2 0 4.5119047581921e-17
4 2 0 4.5097415438271e-17
4 2 0 4.4705992357678e-17
4 2 0 3.249572491585e-17
4 2 0 3.2126883469824e-17
4 2 0 3.1883323931005e-17
4 2 0 3.1632395523459e-17
4 2 0 1.9603522562466e-17
4 2 0 1.9401335196095e-17
4 2 0 1.9104725067099e-17
4 2 0 1.8960844901697e-17
4 2 0 1.402351888422e-17
4 2 0 1.3805196316313e-17
4 2 0 1.3720216642846e-17
4 2 0 1.3533534042151e-17
4 2 0 1.186157935325e-17
4 2 0 1.1705946585005e-17
4 2 0 1.1518053283306e-17
4 2 0 1.1390936385656e-17
4 2 0 9.3612763002585e-18
4 2 0 9.2735986799081e-18
4 2 0 9.1542110818965e-18
4 2 0 8.9406526442389e-18
4 2 0 5.274465089961e-18
4 2 0 5.1160648801962e-18
4 2 0 5.0607477510461e-18
4 2 0 4.9466666949148e-18
4 2 0 2.5016042668013e-18
4 2 0 2.3237268083747e-18
4 2 0 2.2084485534822e-18
4 2 0 2.1428151830781e-18
4 2 0 1.3769407097629e-18
4 2 0 1.2693408086558e-18
4 2 0 1.2165707259848e-18
4 2 0 1.1714358812846e-18
4 2 0 1.1623799988761e-18
4 2 0 1.0829718580771e-18
4 2 0 1.0062220134795e-18
4 2 0 9.6330996362265e-19
4 2 0 8.9746762941629e-19
4 2 0 8.4576129563247e-19
4 2 0 8.0358242161021e-19
4 2 0 6.8626077722282e-19
4 2 0 6.4910796119066e-19
4 2 0 6.2752812296281e-19
4 2 0 5.6950584160793e-19
4 2 0 5.5069318003031e-19
4 2 0 5.0537062614567e-19
4 2 0 4.063226832636e-19
4 2 0 3.8192896803441e-19
4 2 0 3.1458728905655e-19
4 2 0 2.8374764274052e-19
4 2 0 2.5616379320039e-19
4 2 0 2.4651441902864e-19
4 2 0 1.814386929237e-19
4 2 0 1.1439388877677e-19
4 2 0 6.931151770472e-20
4 2 0 5.574491463115e-20
4 2 0 -4.3872680483992e-20
4 2 1 0.0024935498931215
4 2 1 0.0024935498611786
4 2 1 0.0024935498288482
4 2 1 0.0024935497997751
4 2 1 0.0021813485267258
4 2 1 0.002181348489374
4 2 1 0.0021813484702423
4 2 1 0.0021813484463484
4 2 1 0.0018562189842165
4 2 1 0.0018562189519639
4 2 1 0.0018562189107855
4 2 1 0.0018562188785374
4 2 1 0.0016440112294807
4 2 1 0.0016440112076018
4 2 1 0.0016440111970123
4 2 1 0.0016440111634232
4 2 1 0.0015695140768952
4 2 1 0.0015695140485575
4 2 1 0.001569514009895
4 2 1 0.0015695139857725
4 2 1 0.0013596494575841
4 2 1 0.0013596494456819
4 2 1 0.0013596494286651
4 2 1 0.001359649396335
4 2 1 0.0010943039378575
4 2 1 0.001094303925863
4 2 1 0.0010943039051847
4 2 1 0.0010943038916291
4 2 1 0.00082774373023037
4 2 1 0.00082774372007322
4 2 1 0.00082774370891678
4 2 1 0.00082774369506444
4 2 1 0.00057852466651214
4 2 1 0.0005785246582461
4 2 1 0.00057852464542016
4 2 1 0.00057852463462125
4 2 1 0.00056131282703164
4 2 1 0.0005613128064897
4 2 1 0.00056131279326604
4 2 1 0.00056131278002609
4 2 1 2.0084159580579e-12
4 2 1 2.0080538582745e-12
4 2 1 2.007818506027e-12
4 2 1 2.0077091002553e-12
4 2 1 1.8578865801977e-12
4 2 1 1.857537184768e-12
4 2 1 1.8573496307525e-12
4 2 1 1.8569184157327e-12
4 2 1 1.5129707704603e-12
4 2 1 1.5127112459136e-12
4 2 1 1.5125905997365e-12
4 2 1 1.5123119493874e-12
4 2 1 1.4584459220098e-12
4 2 1 1.4582922246439e-12
4 2 1 1.4579103865706e-12
4 2 1 1.4576489287551e-12
4 2 1 1.1777559538687e-12
4 2 1 1.1774339099763e-12
4 2 1 1.1772935815534e-12
4 2 1 1.1772136432536e-12
4 2 1 1.0511819637861e-12
4 2 1 1.0510153975086e-12
4 2 1 1.0508821811241e-12
4 2 1 1.0506797720175e-12
4 2 1 8.7758688763262e-13
4 2 1 8.7741582446534e-13
4 2 1 8.7722943557966e-13
4 2 1 8.7712950412661e-13
4 2 1 6.7933700550566e-13
4 2 1 6.7918587151586e-13
4 2 1 6.7913565967992e-13
4 2 1 6.7905683495162e-13
4 2 1 6.5397691899275e-13
4 2 1 6.5392644253667e-13
4 2 1 6.5381701965114e-13
4 2 1 6.5359075277227e-13
4 2 1 5.8012787843413e-13
4 2 1 5.7988784252959e-13
4 2 1 5.7975785867618e-13
4 2 1 5.7964203304208e-13
4 2 1 4.753364585096e-13
4 2 1 4.7514156099619e-13
4 2 1 4.7507815335729e-13
4 2 1 4.7487523844606e-13
4 2 1 4.1539519091326e-13
4 2 1 4.1532968789149e-13
4 2 1 4.1525436135818e-13
4 2 1 4.1517788311739e-13
4 2 1 3.6101230727146e-13
4 2 1 3.6082888351361e-13
4 2 1 3.6062451902759e-13
4 2 1 3.6036529820268e-13
4 2 1 3.0923448458635e-13
4 2 1 3.0917533065733e-13
4 2 1 3.0910685255472e-13
4 2 1 3.0900565340009e-13
4 2 1 2.8001081784332e-13
4 2 1 2.7983504171728e-13
4 2 1 2.7975033579202e-13
4 2 1 2.7971515783853e-13
4 2 1 2.557533257053e-13
4 2 1 2.5562560433361e-13
4 2 1 2.555735595766e-13
4 2 1 2.5547306413767e-13
4 2 1 2.3503112463502e-13
4 2 1 2.3499585850802e-13
4 2 1 2.3491980352856e-13
4 2 1 2.3489963517198e-13
4 2 1 1.9845001929164e-13
4 2 1 1.9839814484108e-13
4 2 1 1.9830759211258e-13
4 2 1 1.9822321781613e-13
4 2 1 1.7288673610905e-13
4 2 1 1.7284584148828e-13
4 2 1 1.7274180429288e-13
4 2 1 1.7270086280008e-13
4 2 1 1.4297556127964e-13
4 2 1 1.4290085672766e-13
4 2 1 1.4286325545992e-13
4 2 1 1.4281529738638e-13
4 2 1 1.34784855024e-13
4 2 1 1.3472192405114e-13
4 2 1 1.3468577717777e-13
4 2 1 1.346599485445e-13
4 2 1 1.2270801182103e-13
4 2 1 1.2266203692558e-13
4 2 1 1.2260301939077e-13
4 2 1 1.2256887747438e-13
4 2 1 9.9799071758983e-14
4 2 1 9.9759463512397e-14
4 2 1 9.9705164600228e-14
4 2 1 9.9652869924662e-14
4 2 1 7.6806184450328e-14
4 2 1 7.6773762077297e-14
4 2 1 7.6748923344266e-14
4 2 1 7.6723711971968e-14
4 2 1 5.5535808423702e-14
4 2 1 5.5499408673308e-14
4 2 1 5.5459923022362e-14
4 2 1 5.5433202381986e-14
4 2 1 3.2593539437967e-14
4 2 1 3.2581962812808e-14
4 2 1 3.2578011439683e-14
4 2 1 3.2549854851652e-14
4 2 1 2.7316106671269e-14
4 2 1 2.7304334228155e-14
4 2 1 2.7282732378259e-14
4 2 1 2.7267377999635e-14
4 2 1 2.0886947103136e-14
4 2 1 2.0873645372174e-14
4 2 1 2.0855959806962e-14
4 2 1 2.0851256068621e-14
4 2 1 1.3709247150804e-14
4 2 1 1.3703014999972e-14
4 2 1 1.3691181094611e-14
4 2 1 1.367778747252e-14
4 2 1 4.1236295672327e-15
4 2 1 4.1157673342176e-15
4 2 1 4.1131177694445e-15
4 2 1 4.1060818253154e-15
4 2 1 1.8160286514323e-15
4 2 1 1.8106947984183e-15
4 2 1 1.8088093128602e-15
4 2 1 1.8048065473202e-15
4 2 1 5.5257185559815e-16
4 2 1 5.5074929985026e-16
4 2 1 5.4852565933805e-16
4 2 1 5.4694913974239e-16
4 2 1 2.9487891656902e-16
4 2 1 2.9307479510024e-16
4 2 1 2.9168510973979e-16
4 2 1 2.9110873796996e-16
4 2 1 1.0801263358039e-16
4 2 1 1.0713856406126e-16
4 2 1 1.065714070532e-16
4 2 1 1.0589716601874e-16
4 2 1 6.7765743848666e-17
4 2 1 6.7369431687539e-17
4 2 1 6.7102067888858e-17
4 2 1 6.6750923075648e-17
4 2 1 5.2184132461091e-17
4 2 1 5.1850826633788e-17
4 2 1 5.1660525467869e-17
4 2 1 5.1336759841162e-17
4 2 1 4.1111321508093e-17
4 2 1 4.0834931711692e-17
4 2 1 4.0370612630438e-17
4 2 1 4.0138386886703e-17
4 2 1 2.8909183977185e-17
4 2 1 2.8772631178899e-17
4 2 1 2.8501945737719e-17
4 2 1 2.8331690681274e-17
4 2 1 2.3632729342301e-17
4 2 1 2.3529259724733e-17
4 2 1 2.3331514975007e-17
4 2 1 2.3087240387474e-17
4 2 1 1.6798917656324e-17
4 2 1 1.6594271946091e-17
4 2 1 1.6438569508421e-17
4 2 1 1.6311997819757e-17
4 2 1 1.0689101957671e-17
4 2 1 1.0485530858249e-17
4 2 1 1.0288922430486e-17
4 2 1 1.0134432898173e-17
4 2 1 5.8323777747897e-18
4 2 1 5.7446034247999e-18
4 2 1 5.6255197656138e-18
4 2 1 5.4520364697338e-18
4 2 1 3.4007048296278e-18
4 2 1 3.2533606838033e-18
4 2 1 3.1669051303757e-18
4 2 1 3.0122637262644e-18
4 2 1 2.7670219245487e-18
4 2 1 2.7320428232933e-18
4 2 1 2.5662381130654e-18
4 2 1 2.4919029640307e-18
4 2 1 2.1099086731819e-18
4 2 1 2.0416775704428e-18
4 2 1 1.9798679242799e-18
4 2 1 1.9058530261789e-18
4 2 1 1.434427579811e-18
4 2 1 1.3476165386679e-18
4 2 1 1.3189938883986e-18
4 2 1 1.178935303841e-18
4 2 1 8.7998574120759e-19
4 2 1 7.8087989038782e-19
4 2 1 6.8221406934826e-19
4 2 1 6.4627180772709e-19
4 2 1 6.1948029437143e-19
4 2 1 5.8285011000333e-19
4 2 1 5.2638196654188e-19
4 2 1 4.8065507759587e-19
4 2 1 4.1144193689472e-19
4 2 1 3.8688546421108e-19
4 2 1 3.1866834190286e-19
4 2 1 2.7128705924945e-19
4 2 1 2.4234674245451e-19
4 2 1 1.9582611357488e-19
4 2 1 9.3516296496138e-20
4 2 1 -3.1856667174953e-20
4 2 2 0.0024929436056031
4 2 2 0.0024929435544428
4 2 2 0.0024929435192774
4 2 2 0.0024929435034034
4 2 2 0.0021020589609202
4 2 2 0.0021020589474526
4 2 2 0.0021020589279182
4 2 2 0.0021020588939521
4 2 2 0.0017699184387654
4 2 2 0.0017699184166801
4 2 2 0.0017699183733777
4 2 2 0.0017699183390836
4 2 2 0.0016552871783414
4 2 2 0.0016552871728742
4 2 2 0.0016552871625154
4 2 2 0.0016552871080076
4 2 2 0.0016234209788808
4 2 2 0.0016234209619377
4 2 2 0.0016234209402785
4 2 2 0.0016234208945263
4 2 2 0.0013566725837682
4 2 2 0.0013566725608604
4 2 2 0.0013566725261117
4 2 2 0.0013566725017062
4 2 2 0.0012611968588602
4 2 2 0.0012611968513124
4 2 2 0.0012611968268878
4 2 2 0.001261196804721
4 2 2 0.00081763916758024
4 2 2 0.00081763915403118
4 2 2 0.00081763915086713
4 2 2 0.00081763914465478
4 2 2 0.00058642539430373
4 2 2 0.00058642538046017
4 2 2 0.00058642537289716
4 2 2 0.00058642534783247
4 2 2 0.00054785895327735
4 2 2 0.00054785893137533
4 2 2 0.00054785891557123
4 2 2 0.00054785890663844
4 2 2 0.00042055226066983
4 2 2 0.00042055225298411
4 2 2 0.0004205522485617
4 2 2 0.00042055224320608
4 2 2 2.8998654019467e-12
4 2 2 2.8993227570559e-12
4 2 2 2.8992092700113e-12
4 2 2 2.8986959482124e-12
4 2 2 2.4352956083123e-12
4 2 2 2.4349821880701e-12
4 2 2 2.4345568254238e-12
4 2 2 2.4338913237398e-12
4 2 2 1.7675282974527e-12
4 2 2 1.7673107020714e-12
4 2 2 1.7672558203247e-12
4 2 2 1.7670213923538e-12
4 2 2 1.2816710625264e-12
4 2 2 1.2814057141665e-12
4 2 2 1.2812076422639e-12
4 2 2 1.2809474099908e-12
4 2 2 1.2199626686126e-12
4 2 2 1.2198642217082e-12
4 2 2 1.2196612889835e-12
4 2 2 1.2194445861537e-12
4 2 2 8.6535934655956e-13
4 2 2 8.6503010256173e-13
4 2 2 8.6479749964322e-13
4 2 2 8.6445560086369e-13
4 2 2 8.0390558180788e-13
4 2 2 8.0369532542337e-13
4 2 2 8.0349181830247e-13
4 2 2 8.0338511374858e-13
4 2 2 7.9218455972031e-13
4 2 2 7.9211568942124e-13
4 2 2 7.9188057532259e-13
4 2 2 7.9178738947833e-13
4 2 2 6.2960612950431e-13
4 2 2 6.2952392009003e-13
4 2 2 6.2940325435287e-13
4 2 2 6.2930727210227e-13
4 2 2 6.1757297039143e-13
4 2 2 6.1734421320209e-13
4 2 2 6.1716711496723e-13
4 2 2 6.1709339319349e-13
4 2 2 4.9658043227017e-13
4 2 2 4.9649333259716e-13
4 2 2 4.9639149406222e-13
4 2 2 4.961600736626e-13
4 2 2 4.8680883962861e-13
4 2 2 4.8662271866162e-13
4 2 2 4.8644137403386e-13
4 2 2 4.8613314140773e-13
4 2 2 3.8975680532694e-13
4 2 2 3.8961153744856e-13
4 2 2 3.8953962830668e-13
4 2 2 3.8936713759237e-13
4 2 2 3.4994899672849e-13
4 2 2 3.4983117478364e-13
4 2 2 3.4952225329278e-13
4 2 2 3.4940530727651e-13
4 2 2 3.2802092641088e-13
4 2 2 3.2786216989727e-13
4 2 2 3.2777866557968e-13
4 2 2 3.2773509268378e-13
4 2 2 2.9942442992759e-13
4 2 2 2.9937060023452e-13
4 2 2 2.9922509854175e-13
4 2 2 2.9913772918067e-13
4 2 2 2.5549384088562e-13
4 2 2 2.5535787519898e-13
4 2 2 2.5526835522325e-13
4 2 2 2.552059078122e-13
4 2 2 2.5293146953933e-13
4 2 2 2.5283948908516e-13
4 2 2 2.527731397462e-13
4 2 2 2.5260992897769e-13
4 2 2 1.7748153671681e-13
4 2 2 1.7743467875074e-13
4 2 2 1.7739625256982e-13
4 2 2 1.7738461867815e-13
4 2 2 1.7172739092101e-13
4 2 2 1.7168268742864e-13
4 2 2 1.7160996340087e-13
4 2 2 1.7158102580315e-13
4 2 2 1.7050192091078e-13
4 2 2 1.7044072062618e-13
4 2 2 1.704148669317e-13
4 2 2 1.7034522506092e-13
4 2 2 1.2771362451051e-13
4 2 2 1.2767204291031e-13
4 2 2 1.2761964911156e-13
4 2 2 1.275632867722e-13
4 2 2 1.0985548692726e-13
4 2 2 1.0978149215637e-13
4 2 2 1.0970080895049e-13
4 2 2 1.0968396872458e-13
4 2 2 1.091992860109e-13
4 2 2 1.0918342758821e-13
4 2 2 1.0914852177501e-13
4 2 2 1.0913485352466e-13
4 2 2 9.5989106710773e-14
4 2 2 9.5934349382225e-14
4 2 2 9.5916547646829e-14
4 2 2 9.5884928335348e-14
4 2 2 8.6350703380982e-14
4 2 2 8.6326121904344e-14
4 2 2 8.6301566909792e-14
4 2 2 8.6273072576324e-14
4 2 2 7.4320330032763e-14
4 2 2 7.4309373788186e-14
4 2 2 7.430392357785e-14
4 2 2 7.4274725875284e-14
4 2 2 3.4997290437625e-14
4 2 2 3.4985362871359e-14
4 2 2 3.497557886889e-14
4 2 2 3.496296154885e-14
4 2 2 1.6784267354042e-14
4 2 2 1.6771158589675e-14
4 2 2 1.6761514140121e-14
4 2 2 1.6748168209242e-14
4 2 2 6.0104047751131e-15
4 2 2 5.9996729192094e-15
4 2 2 5.9936604686643e-15
4 2 2 5.9862361494579e-15
4 2 2 1.1510245199745e-15
4 2 2 1.1491161624188e-15
4 2 2 1.1466213687373e-15
4 2 2 1.1441798452849e-15
4 2 2 3.8722393997836e-16
4 2 2 3.860399787736e-16
4 2 2 3.8507195747503e-16
4 2 2 3.8371114087711e-16
4 2 2 1.6658510714809e-16
4 2 2 1.6542004565365e-16
4 2 2 1.6458198701492e-16
4 2 2 1.6338822518195e-16
4 2 2 1.128070761143e-16
4 2 2 1.1236760406911e-16
4 2 2 1.119162080546e-16
4 2 2 1.1152618667548e-16
4 2 2 5.9265936506976e-17
4 2 2 5.8439555726399e-17
4 2 2 5.8159763537445e-17
4 2 2 5.7910178313114e-17
4 2 2 5.7496900601534e-17
4 2 2 5.6975472550578e-17
4 2 2 5.6668291509153e-17
4 2 2 5.63506514558e-17
4 2 2 2.5298005274756e-17
4 2 2 2.517016391347e-17
4 2 2 2.4833446552473e-17
4 2 2 2.4524172866887e-17
4 2 2 2.0383823081085e-17
4 2 2 2.0145414512474e-17
4 2 2 1.9968332946767e-17
4 2 2 1.9871033056757e-17
4 2 2 1.4945798622751e-17
4 2 2 1.48854255143e-17
4 2 2 1.461416745527e-17
4 2 2 1.4539445499952e-17
4 2 2 1.3750573468912e-17
4 2 2 1.3465020607007e-17
4 2 2 1.3395092958036e-17
4 2 2 1.312669170392e-17
4 2 2 8.5276015159555e-18
4 2 2 8.4061407033554e-18
4 2 2 8.2982315871658e-18
4 2 2 8.1604244291324e-18
4 2 2 5.7652684150645e-18
4 2 2 5.6694115958443e-18
4 2 2 5.6338250700799e-18
4 2 2 5.4610009030093e-18
4 2 2 2.3775215841404e-18
4 2 2 2.2860572790734e-18
4 2 2 2.2323878846006e-18
4 2 2 2.0797053883362e-18
4 2 2 1.9480197407085e-18
4 2 2 1.8547466083775e-18
4 2 2 1.7881574297879e-18
4 2 2 1.7101383344526e-18
4 2 2 1.6725973298109e-18
4 2 2 1.6349075465884e-18
4 2 2 1.5503097087172e-18
4 2 2 1.4734290805086e-18
4 2 2 1.4403979599692e-18
4 2 2 1.4212671540715e-18
4 2 2 1.3680219614062e-18
4 2 2 1.2560904901577e-18
4 2 2 1.0232880239119e-18
4 2 2 9.4629288201418e-19
4 2 2 8.8483320505467e-19
4 2 2 8.3164416347551e-19
4 2 2 7.6074512369886e-19
4 2 2 7.0344130648327e-19
4 2 2 6.7298892987297e-19
4 2 2 6.092860532496e-19
4 2 2 6.0043847515474e-19
4 2 2 5.358079246183e-19
4 2 2 4.9668126795649e-19
4 2 2 3.807987661354e-19
4 2 2 3.5546239731736e-19
4 2 2 2.668403567147e-19
4 2 2 2.1540303867944e-19
4 2 2 1.9138679354895e-19
4 2 2 1.3858407034669e-19
4 2 2 1.1233796096279e-19
4 2 2 4.5392666478716e-20
4 2 2 -2.477894091133e-20
4 2 3 0.0024935498793541
4 2 3 0.0024935498645366
4 2 3 0.002493549826622
4 2 3 0.0024935498038519
4 2 3 0.0021813485506844
4 2 3 0.0021813484930829
4 2 3 0.0021813484646267
4 2 3 0.0021813484419811
4 2 3 0.0018562189557534
4 2 3 0.0018562189407663
4 2 3 0.0018562189293064
4 2 3 0.0018562189060099
4 2 3 0.0016440112223675
4 2 3 0.0016440112043903
4 2 3 0.0016440111940341
4 2 3 0.001644011161912
4 2 3 0.0015695140651801
4 2 3 0.0015695140329792
4 2 3 0.0015695140088304
4 2 3 0.0015695139997622
4 2 3 0.0013596494460363
4 2 3 0.0013596494401442
4 2 3 0.0013596494208705
4 2 3 0.0013596494066926
4 2 3 0.0010943039340117
4 2 3 0.0010943039240072
4 2 3 0.0010943039151826
4 2 3 0.0010943039010876
4 2 3 0.00082774373041208
4 2 3 0.00082774372359731
4 2 3 0.00082774370609153
4 2 3 0.0008277436991874
4 2 3 0.00057852466820182
4 2 3 0.00057852465999886
4 2 3 0.0005785246503448
4 2 3 0.00057852463930977
4 2 3 0.00056131282214634
4 2 3 0.00056131280002107
4 2 3 0.00056131279501441
4 2 3 0.00056131278606357
4 2 3 2.0083539313608e-12
4 2 3 2.0081421804967e-12
4 2 3 2.0078185926347e-12
4 2 3 2.0075510629318e-12
4 2 3 1.8579641365189e-12
4 2 3 1.8577070139824e-12
4 2 3 1.8574877797526e-12
4 2 3 1.8570480228862e-12
4 2 3 1.5132245386181e-12
4 2 3 1.5129353961255e-12
4 2 3 1.5127099735977e-12
4 2 3 1.5122383575161e-12
4 2 3 1.4583875276442e-12
4 2 3 1.4581928884649e-12
4 2 3 1.4581373933436e-12
4 2 3 1.4577999758053e-12
4 2 3 1.1777018047563e-12
4 2 3 1.1775652815e-12
4 2 3 1.1772461164333e-12
4 2 3 1.177080324845e-12
4 2 3 1.051324065864e-12
4 2 3 1.0510510124013e-12
4 2 3 1.0509217632281e-12
4 2 3 1.0506309627937e-12
4 2 3 8.7772883753349e-13
4 2 3 8.7753311318683e-13
4 2 3 8.7725376684158e-13
4 2 3 8.7699544085425e-13
4 2 3 6.793386071292e-13
4 2 3 6.791544934125e-13
4 2 3 6.7910499025799e-13
4 2 3 6.7896804388998e-13
4 2 3 6.5405745114649e-13
4 2 3 6.5392484163076e-13
4 2 3 6.53759663697e-13
4 2 3 6.5368499974638e-13
4 2 3 5.8011878442733e-13
4 2 3 5.7991331096633e-13
4 2 3 5.7971970675246e-13
4 2 3 5.7959250129278e-13
4 2 3 4.7524281114954e-13
4 2 3 4.7523038650747e-13
4 2 3 4.7506655096647e-13
4 2 3 4.7485360195982e-13
4 2 3 4.1541673554668e-13
4 2 3 4.1529765464486e-13
4 2 3 4.1524872281179e-13
4 2 3 4.1512695897844e-13
4 2 3 3.6089741888595e-13
4 2 3 3.608093025243e-13
4 2 3 3.6064688899535e-13
4 2 3 3.603827500541e-13
4 2 3 3.0923483674317e-13
4 2 3 3.0919323359531e-13
4 2 3 3.0909940960077e-13
4 2 3 3.0903070993706e-13
4 2 3 2.7998498266386e-13
4 2 3 2.7988147755755e-13
4 2 3 2.7976964023813e-13
4 2 3 2.7971100420709e-13
4 2 3 2.5574418394614e-13
4 2 3 2.5563611075707e-13
4 2 3 2.5556504967018e-13
4 2 3 2.5545752164824e-13
4 2 3 2.3509274303545e-13
4 2 3 2.350017720838e-13
4 2 3 2.3496186731892e-13
4 2 3 2.3489497258748e-13
4 2 3 1.9838632312224e-13
4 2 3 1.9832508459228e-13
4 2 3 1.9829459603031e-13
4 2 3 1.9824395833806e-13
4 2 3 1.7291547074772e-13
4 2 3 1.7280961298273e-13
4 2 3 1.7277236814679e-13
4 2 3 1.7270160899734e-13
4 2 3 1.4296867213416e-13
4 2 3 1.4290420560477e-13
4 2 3 1.4286000747611e-13
4 2 3 1.4281628980745e-13
4 2 3 1.3476779595667e-13
4 2 3 1.3469528504978e-13
4 2 3 1.3464163912633e-13
4 2 3 1.3460973227338e-13
4 2 3 1.2270400501473e-13
4 2 3 1.2266047260176e-13
4 2 3 1.2262729860381e-13
4 2 3 1.2255984171546e-13
4 2 3 9.9756458445535e-14
4 2 3 9.9740311987583e-14
4 2 3 9.9711016188245e-14
4 2 3 9.9682401536948e-14
4 2 3 7.6821128719919e-14
4 2 3 7.6789955594296e-14
4 2 3 7.6749271488516e-14
4 2 3 7.6704448762716e-14
4 2 3 5.5553090402103e-14
4 2 3 5.5502771529112e-14
4 2 3 5.5487805193314e-14
4 2 3 5.5455362034842e-14
4 2 3 3.261099563701e-14
4 2 3 3.2585135269504e-14
4 2 3 3.2560846574743e-14
4 2 3 3.2542310846595e-14
4 2 3 2.732145846184e-14
4 2 3 2.7298516291508e-14
4 2 3 2.7275805561508e-14
4 2 3 2.7263626697131e-14
4 2 3 2.0880755474768e-14
4 2 3 2.0867584803163e-14
4 2 3 2.0860544011361e-14
4 2 3 2.0852662515054e-14
4 2 3 1.3721159733304e-14
4 2 3 1.3704180729462e-14
4 2 3 1.369016858918e-14
4 2 3 1.3680347324973e-14
4 2 3 4.1226211920748e-15
4 2 3 4.1175026210342e-15
4 2 3 4.1132143798599e-15
4 2 3 4.1051314371599e-15
4 2 3 1.8147878041984e-15
4 2 3 1.8119094819306e-15
4 2 3 1.8094901103204e-15
4 2 3 1.8068310549756e-15
4 2 3 5.5230630024506e-16
4 2 3 5.5064322947411e-16
4 2 3 5.475134855439e-16
4 2 3 5.4690415183968e-16
4 2 3 2.9460560479487e-16
4 2 3 2.9314270965874e-16
4 2 3 2.924016749701e-16
4 2 3 2.9161497970112e-16
4 2 3 1.0822808867528e-16
4 2 3 1.0717783509684e-16
4 2 3 1.0650653120025e-16
4 2 3 1.0619788485181e-16
4 2 3 6.7875207335669e-17
4 2 3 6.7743295531654e-17
4 2 3 6.7342363388006e-17
4 2 3 6.7033267135556e-17
4 2 3 5.2514919519158e-17
4 2 3 5.2025390898683e-17
4 2 3 5.1659253361808e-17
4 2 3 5.1217633247933e-17
4 2 3 4.158004985676e-17
4 2 3 4.0825364291353e-17
4 2 3 4.0495172878614e-17
4 2 3 4.0088871014452e-17
4 2 3 2.9021724847808e-17
4 2 3 2.8817822899343e-17
4 2 3 2.8648404993819e-17
4 2 3 2.8209425746948e-17
4 2 3 2.3934948932899e-17
4 2 3 2.3495801568199e-17
4 2 3 2.3333435703884e-17
4 2 3 2.3023271972832e-17
4 2 3 1.6782771668947e-17
4 2 3 1.6511223928243e-17
4 2 3 1.6405180671184e-17
4 2 3 1.6144705212019e-17
4 2 3 1.0672199751316e-17
4 2 3 1.0607742137991e-17
4 2 3 1.0325602755575e-17
4 2 3 1.0079895497181e-17
4 2 3 5.922046312384e-18
4 2 3 5.7262700138544e-18
4 2 3 5.5369223779351e-18
4 2 3 5.4045436091998e-18
4 2 3 3.3610906532549e-18
4 2 3 3.2621840267059e-18
4 2 3 3.1516212833567e-18
4 2 3 3.0914942525255e-18
4 2 3 2.7347403561629e-18
4 2 3 2.6590048353675e-18
4 2 3 2.5494600473444e-18
4 2 3 2.37571913112e-18
4 2 3 2.0685360028059e-18
4 2 3 1.9927692106555e-18
4 2 3 1.9606035001512e-18
4 2 3 1.8549967603778e-18
4 2 3 1.4647552035163e-18
4 2 3 1.3534058125793e-18
4 2 3 1.3319809352147e-18
4 2 3 1.2160282646947e-18
4 2 3 9.2582572727219e-19
4 2 3 7.7756579678074e-19
4 2 3 7.0018030072373e-19
4 2 3 6.6091603337606e-19
4 2 3 6.1856032294533e-19
4 2 3 5.0196980924084e-19
4 2 3 4.731793702604e-19
4 2 3 4.5136404959422e-19
4 2 3 4.1970569568324e-19
4 2 3 3.4123330205425e-19
4 2 3 3.2261238826834e-19
4 2 3 2.6336696515689e-19
4 2 3 2.0195817089606e-19
4 2 3 1.664833941002e-19
4 2 3 1.0708321647067e-19
4 2 3 5.5582080013794e-20
4 3 0 0.0027532363088725
4 3 0 0.0027532362781756
4 3 0 0.0027532362280743
4 3 0 0.0027532361755333
4 3 0 0.0024423318466485
4 3 0 0.0024423318118217
4 3 0 0.0024423317484776
4 3 0 0.0024423317172151
4 3 0 0.0021342839742487
4 3 0 0.0021342839431805
4 3 0 0.0021342839250709
4 3 0 0.0021342838631872
4 3 0 0.001820101666609
4 3 0 0.0018201016370981
4 3 0 0.0018201015898854
4 3 0 0.0018201015401845
4 3 0 0.0015530597883724
4 3 0 0.0015530597612123
4 3 0 0.001553059743951
4 3 0 0.0015530597018789
4 3 0 0.0014768380485995
4 3 0 0.0014768380291703
4 3 0 0.0014768380047368
4 3 0 0.0014768379852997
4 3 0 0.0013778458683912
4 3 0 0.0013778458470056
4 3 0 0.0013778458300504
4 3 0 0.0013778457981521
4 3 0 0.0010855197235327
4 3 0 0.0010855197067128
4 3 0 0.0010855196958515
4 3 0 0.0010855196698422
4 3 0 0.00084554648052844
4 3 0 0.00084554647512462
4 3 0 0.00084554646141755
4 3 0 0.00084554644105858
4 3 0 0.00067020141342912
4 3 0 0.00067020139918273
4 3 0 0.00067020138214366
4 3 0 0.00067020136491188
4 3 0 2.4735955878069e-12
4 3 0 2.4727963567586e-12
4 3 0 2.4724923520102e-12
4 3 0 2.4720850949716e-12
4 3 0 1.8481534152683e-12
4 3 0 1.847741634595e-12
4 3 0 1.8473769280588e-12
4 3 0 1.8470779929839e-12
4 3 0 1.6950527588251e-12
4 3 0 1.6946654448147e-12
4 3 0 1.6943138631603e-12
4 3 0 1.6939059763948e-12
4 3 0 1.3243298411993e-12
4 3 0 1.3241200602293e-12
4 3 0 1.3237177759118e-12
4 3 0 1.3234461973663e-12
4 3 0 1.1903385333338e-12
4 3 0 1.1902650830811e-12
4 3 0 1.1899732076691e-12
4 3 0 1.1898310067874e-12
4 3 0 9.4782713831687e-13
4 3 0 9.4755891009232e-13
4 3 0 9.4741309464462e-13
4 3 0 9.4721268097432e-13
4 3 0 8.3557941729684e-13
4 3 0 8.3550039868754e-13
4 3 0 8.3531133881413e-13
4 3 0 8.3503952972606e-13
4 3 0 7.2249133125286e-13
4 3 0 7.224416073912e-13
4 3 0 7.2218511532348e-13
4 3 0 7.2205520934633e-13
4 3 0 6.6032730897346e-13
4 3 0 6.6021956552306e-13
4 3 0 6.6010089291541e-13
4 3 0 6.5984030486071e-13
4 3 0 5.0511933162434e-13
4 3 0 5.0492710325991e-13
4 3 0 5.0484481347179e-13
4 3 0 5.0481764036478e-13
4 3 0 4.3058928828367e-13
4 3 0 4.304076967856e-13
4 3 0 4.30386295537e-13
4 3 0 4.3021650877757e-13
4 3 0 3.5395849505853e-13
4 3 0 3.5381926065084e-13
4 3 0 3.5371675394271e-13
4 3 0 3.5365923828238e-13
4 3 0 3.0069550055573e-13
4 3 0 3.0050157829353e-13
4 3 0 3.0043326586099e-13
4 3 0 3.0025824264693e-13
4 3 0 2.7794798510499e-13
4 3 0 2.7786932097932e-13
4 3 0 2.7781440201468e-13
4 3 0 2.7774364059376e-13
4 3 0 2.7082689293196e-13
4 3 0 2.7074989679186e-13
4 3 0 2.7062983796222e-13
4 3 0 2.7060609264475e-13
4 3 0 2.0175219042604e-13
4 3 0 2.0170082430851e-13
4 3 0 2.0162363511615e-13
4 3 0 2.0153807517988e-13
4 3 0 1.8975276332085e-13
4 3 0 1.8965342510538e-13
4 3 0 1.8961418647073e-13
4 3 0 1.8957485704855e-13
4 3 0 1.6679952656364e-13
4 3 0 1.6672838946702e-13
4 3 0 1.666701043878e-13
4 3 0 1.6661055379938e-13
4 3 0 1.4624806256587e-13
4 3 0 1.4620171935852e-13
4 3 0 1.4615462522974e-13
4 3 0 1.4610418001203e-13
4 3 0 1.1986452582288e-13
4 3 0 1.1983695026238e-13
4 3 0 1.1977818661646e-13
4 3 0 1.1975556370439e-13
4 3 0 8.7008109902935e-14
4 3 0 8.6979675079486e-14
4 3 0 8.6951347643364e-14
4 3 0 8.6915579488622e-14
4 3 0 8.055934100014e-14
4 3 0 8.0506444315756e-14
4 3 0 8.0477758195151e-14
4 3 0 8.0436646558831e-14
4 3 0 6.4347618116154e-14
4 3 0 6.429509416326e-14
4 3 0 6.4278635288952e-14
4 3 0 6.425010555421e-14
4 3 0 3.79755101438e-14
4 3 0 3.7958185069261e-14
4 3 0 3.7934967169085e-14
4 3 0 3.7903556920583e-14
4 3 0 3.3032653344364e-14
4 3 0 3.3020777512507e-14
4 3 0 3.3007658715403e-14
4 3 0 3.2975344980915e-14
4 3 0 2.477405350412e-14
4 3 0 2.4769662620878e-14
4 3 0 2.4734501016311e-14
4 3 0 2.4724941419272e-14
4 3 0 1.7337619843905e-14
4 3 0 1.7318261999794e-14
4 3 0 1.731056348444e-14
4 3 0 1.7297018650209e-14
4 3 0 8.4891284329509e-15
4 3 0 8.481883917016e-15
4 3 0 8.4684722529163e-15
4 3 0 8.4587610735934e-15
4 3 0 6.061989757983e-15
4 3 0 6.0559605802177e-15
4 3 0 6.0496623569696e-15
4 3 0 6.0414027603507e-15
4 3 0 4.0934273952289e-15
4 3 0 4.0799042300939e-15
4 3 0 4.0735445883519e-15
4 3 0 4.0667804202771e-15
4 3 0 9.7535921633227e-16
4 3 0 9.728576286972e-16
4 3 0 9.7124699431174e-16
4 3 0 9.7008637978633e-16
4 3 0 6.6270718783698e-16
4 3 0 6.6112898552139e-16
4 3 0 6.5886519306384e-16
4 3 0 6.5641162430616e-16
4 3 0 5.6083343285248e-16
4 3 0 5.5652555873421e-16
4 3 0 5.5554520041718e-16
4 3 0 5.5224827096213e-16
4 3 0 1.3085333182869e-16
4 3 0 1.29783359555e-16
4 3 0 1.2937266112944e-16
4 3 0 1.2874263951202e-16
4 3 0 9.0764162484168e-17
4 3 0 8.9947402954031e-17
4 3 0 8.9550333681825e-17
4 3 0 8.9022837452248e-17
4 3 0 7.271214856705e-17
4 3 0 7.212157349891e-17
4 3 0 7.1732785512412e-17
4 3 0 7.1406463392747e-17
4 3 0 5.5030734306069e-17
4 3 0 5.4514169535821e-17
4 3 0 5.4384827278314e-17
4 3 0 5.428909092593e-17
4 3 0 3.1314945477206e-17
4 3 0 3.0867764706817e-17
4 3 0 3.0726943668202e-17
4 3 0 3.0324120137293e-17
4 3 0 2.6520920841531e-17
4 3 0 2.6099414804335e-17
4 3 0 2.5957425030128e-17
4 3 0 2.5710420449845e-17
4 3 0 2.1176513215256e-17
4 3 0 2.1059386211911e-17
4 3 0 2.0919355335686e-17
4 3 0 2.0655903536627e-17
4 3 0 1.2709646671526e-17
4 3 0 1.2626483681362e-17
4 3 0 1.2449979522479e-17
4 3 0 1.2170116861477e-17
4 3 0 6.1986916254309e-18
4 3 0 6.0002635819977e-18
4 3 0 5.8777475818386e-18
4 3 0 5.7538141470349e-18
4 3 0 4.6042667490816e-18
4 3 0 4.4722257018853e-18
4 3 0 4.4089012667385e-18
4 3 0 4.302886610763e-18
4 3 0 3.7591768425174e-18
4 3 0 3.7282210650711e-18
4 3 0 3.6015580308823e-18
4 3 0 3.4729427759639e-18
4 3 0 2.4381319976667e-18
4 3 0 2.3773323567064e-18
4 3 0 2.2873227112995e-18
4 3 0 2.2692805452397e-18
4 3 0 1.4936114341918e-18
4 3 0 1.4712064796508e-18
4 3 0 1.3232096618617e-18
4 3 0 1.1927280496154e-18
4 3 0 8.7809509602724e-19
4 3 0 6.9977923966642e-19
4 3 0 6.3912702042438e-19
4 3 0 5.714588437866e-19
4 3 0 5.2989949324366e-19
4 3 0 4.9041976605605e-19
4 3 0 4.3058111350233e-19
4 3 0 3.5433040816284e-19
4 3 0 3.160328765764e-19
4 3 0 2.5540056071889e-19
4 3 0 2.0370544390978e-19
4 3 0 1.8732423343752e-19
4 3 0 1.4786233464553e-19
4 3 0 1.0295121483274e-19
4 3 0 7.7425080918031e-20
4 3 0 3.9947903014572e-20
4 3 1 0.0024947000376674
4 3 1 0.0024947000019521
4 3 1 0.0024946999680323
4 3 1 0.0024946999251219
4 3 1 0.0022273927009197
4 3 1 0.0022273926768913
4 3 1 0.0022273926533374
4 3 1 0.0022273926398745
4 3 1 0.0019762381637192
4 3 1 0.0019762381231146
4 3 1 0.0019762380794561
4 3 1 0.0019762380534454
4 3 1 0.0016682046071752
4 3 1 0.0016682045902593
4 3 1 0.0016682045735596
4 3 1 0.001668204515373
4 3 1 0.0015854224946617
4 3 1 0.0015854224850202
4 3 1 0.0015854224598938
4 3 1 0.001585422444899
4 3 1 0.0014381391159344
4 3 1 0.0014381390964219
4 3 1 0.0014381390930703
4 3 1 0.0014381390609545
4 3 1 0.0012392130597392
4 3 1 0.0012392130419293
4 3 1 0.0012392130163844
4 3 1 0.0012392129914591
4 3 1 0.0010637822536775
4 3 1 0.0010637822272384
4 3 1 0.0010637822183473
4 3 1 0.0010637821974714
4 3 1 0.00085491506236937
4 3 1 0.00085491505079767
4 3 1 0.00085491502665473
4 3 1 0.00085491501920001
4 3 1 0.00064354340977758
4 3 1 0.00064354339378607
4 3 1 0.00064354338130298
4 3 1 0.00064354337287301
4 3 1 2.8007337556308e-12
4 3 1 2.8001934737339e-12
4 3 1 2.7998008721542e-12
4 3 1 2.799586880687e-12
4 3 1 1.7046501267485e-12
4 3 1 1.7043172827743e-12
4 3 1 1.7041325406804e-12
4 3 1 1.7038960121693e-12
4 3 1 1.454002961623e-12
4 3 1 1.453697212782e-12
4 3 1 1.453464679914e-12
4 3 1 1.4532182744267e-12
4 3 1 1.3348103719855e-12
4 3 1 1.3345662058092e-12
4 3 1 1.3342262090674e-12
4 3 1 1.3340868987682e-12
4 3 1 1.1850005969213e-12
4 3 1 1.1846875462251e-12
4 3 1 1.1844514256176e-12
4 3 1 1.1842574650138e-12
4 3 1 1.0294020663598e-12
4 3 1 1.029167917278e-12
4 3 1 1.0290213269778e-12
4 3 1 1.0285380726953e-12
4 3 1 8.9831317048671e-13
4 3 1 8.981220549308e-13
4 3 1 8.9797724967488e-13
4 3 1 8.9772317116821e-13
4 3 1 7.8556308277156e-13
4 3 1 7.8528672924882e-13
4 3 1 7.8517107187246e-13
4 3 1 7.8490664083519e-13
4 3 1 6.5054475380372e-13
4 3 1 6.5034784625503e-13
4 3 1 6.503129169278e-13
4 3 1 6.5000584823015e-13
4 3 1 5.2344341193064e-13
4 3 1 5.2333226296499e-13
4 3 1 5.2319655695268e-13
4 3 1 5.2309549445007e-13
4 3 1 4.6034070206459e-13
4 3 1 4.6021434508748e-13
4 3 1 4.6016948882224e-13
4 3 1 4.6006579488349e-13
4 3 1 4.2113959189776e-13
4 3 1 4.2108995568255e-13
4 3 1 4.2100628901918e-13
4 3 1 4.2088446461884e-13
4 3 1 3.2096237082435e-13
4 3 1 3.2087448346675e-13
4 3 1 3.2082694717016e-13
4 3 1 3.2071028434029e-13
4 3 1 2.8437817661613e-13
4 3 1 2.8434906074685e-13
4 3 1 2.8422109411277e-13
4 3 1 2.841687887397e-13
4 3 1 2.6102584306716e-13
4 3 1 2.6096880712484e-13
4 3 1 2.6094323031629e-13
4 3 1 2.6084920917546e-13
4 3 1 2.4909136622322e-13
4 3 1 2.4900072881331e-13
4 3 1 2.4895357341369e-13
4 3 1 2.4891009955704e-13
4 3 1 1.9127820049344e-13
4 3 1 1.9121626705448e-13
4 3 1 1.9115845403995e-13
4 3 1 1.9107927384096e-13
4 3 1 1.7781929481465e-13
4 3 1 1.7771970963217e-13
4 3 1 1.776675737932e-13
4 3 1 1.7759292289363e-13
4 3 1 1.4403335976807e-13
4 3 1 1.4397876861668e-13
4 3 1 1.4394049779711e-13
4 3 1 1.4389687930331e-13
4 3 1 1.1201136086951e-13
4 3 1 1.1197139426144e-13
4 3 1 1.1192490979774e-13
4 3 1 1.1189359911347e-13
4 3 1 1.0123047821009e-13
4 3 1 1.0121395610458e-13
4 3 1 1.0116876871128e-13
4 3 1 1.0113386842889e-13
4 3 1 7.6458487807593e-14
4 3 1 7.6440775488971e-14
4 3 1 7.6401447287714e-14
4 3 1 7.6343791366012e-14
4 3 1 6.5535644494935e-14
4 3 1 6.5505885190849e-14
4 3 1 6.5461081158983e-14
4 3 1 6.5432464701172e-14
4 3 1 4.8922578498036e-14
4 3 1 4.8909938183117e-14
4 3 1 4.8868309470751e-14
4 3 1 4.8850456819541e-14
4 3 1 3.8946670074416e-14
4 3 1 3.891844194594e-14
4 3 1 3.8902580887018e-14
4 3 1 3.8886772664485e-14
4 3 1 3.3815825457188e-14
4 3 1 3.379471818133e-14
4 3 1 3.376649230317e-14
4 3 1 3.3750716186318e-14
4 3 1 1.6440449588549e-14
4 3 1 1.6423617820629e-14
4 3 1 1.6408953228797e-14
4 3 1 1.6395932175736e-14
4 3 1 1.2179437063291e-14
4 3 1 1.2174428104819e-14
4 3 1 1.2160937206202e-14
4 3 1 1.2141663891796e-14
4 3 1 8.441233496675e-15
4 3 1 8.4285069467153e-15
4 3 1 8.4229505697499e-15
4 3 1 8.418695903254e-15
4 3 1 3.7120469294948e-15
4 3 1 3.7069951580356e-15
4 3 1 3.6994483907851e-15
4 3 1 3.6960349929081e-15
4 3 1 1.9405790638196e-15
4 3 1 1.9372353498356e-15
4 3 1 1.9330924241149e-15
4 3 1 1.9275824565513e-15
4 3 1 6.5827615482776e-16
4 3 1 6.5564998029638e-16
4 3 1 6.5452362508691e-16
4 3 1 6.5287065930966e-16
4 3 1 5.4177479448266e-16
4 3 1 5.3937083223169e-16
4 3 1 5.3612475831243e-16
4 3 1 5.3379133404764e-16
4 3 1 1.4741535733249e-16
4 3 1 1.4673284140733e-16
4 3 1 1.4587288001026e-16
4 3 1 1.4531573827016e-16
4 3 1 9.7686408930644e-17
4 3 1 9.7166915994314e-17
4 3 1 9.669059218989e-17
4 3 1 9.6244442759983e-17
4 3 1 7.5053750930586e-17
4 3 1 7.4456348242485e-17
4 3 1 7.400903525782e-17
4 3 1 7.3809890712874e-17
4 3 1 5.0430637456983e-17
4 3 1 5.0256613039293e-17
4 3 1 4.996851632346e-17
4 3 1 4.9571263376717e-17
4 3 1 3.4574571709222e-17
4 3 1 3.453514908553e-17
4 3 1 3.410497873362e-17
4 3 1 3.3705307790621e-17
4 3 1 3.1285371721124e-17
4 3 1 3.0922980568378e-17
4 3 1 3.0580366448197e-17
4 3 1 3.0380823736329e-17
4 3 1 1.6834296628132e-17
4 3 1 1.6687346519948e-17
4 3 1 1.6532431569978e-17
4 3 1 1.6413373703484e-17
4 3 1 1.5107352738365e-17
4 3 1 1.4783797027661e-17
4 3 1 1.4557806650577e-17
4 3 1 1.4371023732824e-17
4 3 1 1.052294807626e-17
4 3 1 1.0242827243795e-17
4 3 1 1.0164034460807e-17
4 3 1 1.0029511468948e-17
4 3 1 4.3891508987302e-18
4 3 1 4.2865733267061e-18
4 3 1 4.1267792295852e-18
4 3 1 4.0710334393214e-18
4 3 1 3.6560160692083e-18
4 3 1 3.5731601177568e-18
4 3 1 3.4875277350196e-18
4 3 1 3.3971453733695e-18
4 3 1 2.9827800789846e-18
4 3 1 2.794468931291e-18
4 3 1 2.6739470406262e-18
4 3 1 2.5732473131998e-18
4 3 1 1.5922257533286e-18
4 3 1 1.4959188719376e-18
4 3 1 1.4450545169877e-18
4 3 1 1.2978778361725e-18
4 3 1 8.0100537697362e-19
4 3 1 7.1411302259699e-19
4 3 1 6.7009504200181e-19
4 3 1 6.174985678225e-19
4 3 1 5.3700235877431e-19
4 3 1 4.7905777926676e-19
4 3 1 4.0811369604501e-19
4 3 1 3.7951481119607e-19
4 3 1 3.6968870871602e-19
4 3 1 3.2892262311417e-19
4 3 1 2.9736456513787e-19
4 3 1 2.4016203010936e-19
4 3 1 1.8823900393267e-19
4 3 1 1.624845524705e-19
4 3 1 9.8198437454738e-20
4 3 1 3.4531086864572e-20
4 3 2 0.0024935498967171
4 3 2 0.0024935498864989
4 3 2 0.0024935498590194
4 3 2 0.0024935498366614
4 3 2 0.0021813485329033
4 3 2 0.0021813484846697
4 3 2 0.0021813484556347
4 3 2 0.0021813484424014
4 3 2 0.0018562189755239
4 3 2 0.0018562189592019
4 3 2 0.0018562189260242
4 3 2 0.0018562189042046
4 3 2 0.0016440112314622
4 3 2 0.0016440112127118
4 3 2 0.0016440111974523
4 3 2 0.0016440111500433
4 3 2 0.0015695140653956
4 3 2 0.0015695140537672
4 3 2 0.001569514030503
4 3 2 0.0015695140106119
4 3 2 0.0013596494592665
4 3 2 0.0013596494506013
4 3 2 0.0013596494421618
4 3 2 0.0013596494303026
4 3 2 0.0010943039493279
4 3 2 0.001094303935857
4 3 2 0.001094303903139
4 3 2 0.0010943038877422
4 3 2 0.00082774373305968
4 3 2 0.00082774371719747
4 3 2 0.0008277437070049
4 3 2 0.00082774370173475
4 3 2 0.00057852467265224
4 3 2 0.00057852466377487
4 3 2 0.00057852465313974
4 3 2 0.00057852464486245
4 3 2 0.00056131282209237
4 3 2 0.00056131281284004
4 3 2 0.00056131280392407
4 3 2 0.00056131277645884
4 3 2 2.0084232762494e-12
4 3 2 2.0079261009346e-12
4 3 2 2.0077838225033e-12
4 3 2 2.0076965110051e-12
4 3 2 1.8577313729791e-12
4 3 2 1.8575706492453e-12
4 3 2 1.85721399595e-12
4 3 2 1.8568146954927e-12
4 3 2 1.5131041667858e-12
4 3 2 1.5128755414608e-12
4 3 2 1.5125466512747e-12
4 3 2 1.512286540149e-12
4 3 2 1.4585880153252e-12
4 3 2 1.4584792952716e-12
4 3 2 1.4581503305861e-12
4 3 2 1.4578146282249e-12
4 3 2 1.1779392433921e-12
4 3 2 1.1778126031312e-12
4 3 2 1.1774660460972e-12
4 3 2 1.177144512686e-12
4 3 2 1.0513430382154e-12
4 3 2 1.0510713686678e-12
4 3 2 1.0508858673823e-12
4 3 2 1.0507673959061e-12
4 3 2 8.7746962298038e-13
4 3 2 8.773485849497e-13
4 3 2 8.7714283915222e-13
4 3 2 8.7696897560503e-13
4 3 2 6.7928078525661e-13
4 3 2 6.790926304362e-13
4 3 2 6.7903829381344e-13
4 3 2 6.7893160498186e-13
4 3 2 6.5411337806308e-13
4 3 2 6.5403989126578e-13
4 3 2 6.538524638301e-13
4 3 2 6.5364724233667e-13
4 3 2 5.8001373551002e-13
4 3 2 5.7991956737655e-13
4 3 2 5.7981356142015e-13
4 3 2 5.7973846663787e-13
4 3 2 4.752253461834e-13
4 3 2 4.7510316691537e-13
4 3 2 4.7498626080201e-13
4 3 2 4.7494292243401e-13
4 3 2 4.1555316966088e-13
4 3 2 4.1537729512218e-13
4 3 2 4.1523138280154e-13
4 3 2 4.1517810476187e-13
4 3 2 3.6118977058295e-13
4 3 2 3.609803856704e-13
4 3 2 3.6084141015322e-13
4 3 2 3.605828977633e-13
4 3 2 3.0931010068991e-13
4 3 2 3.0921535616434e-13
4 3 2 3.0919584153237e-13
4 3 2 3.090277471651e-13
4 3 2 2.799090321614e-13
4 3 2 2.7986408803733e-13
4 3 2 2.7983769834756e-13
4 3 2 2.7975768797915e-13
4 3 2 2.557009425956e-13
4 3 2 2.5562893459501e-13
4 3 2 2.5552166808572e-13
4 3 2 2.5548368102819e-13
4 3 2 2.3506545756968e-13
4 3 2 2.3494055034677e-13
4 3 2 2.348873233767e-13
4 3 2 2.3483983725691e-13
4 3 2 1.984015484419e-13
4 3 2 1.9835940032182e-13
4 3 2 1.9832236791587e-13
4 3 2 1.9827903205161e-13
4 3 2 1.7283121264805e-13
4 3 2 1.727776141499e-13
4 3 2 1.7275293475452e-13
4 3 2 1.726868624713e-13
4 3 2 1.4293573458093e-13
4 3 2 1.4286875893212e-13
4 3 2 1.4284531277658e-13
4 3 2 1.4279769756118e-13
4 3 2 1.3475095398719e-13
4 3 2 1.3472233373606e-13
4 3 2 1.3468107349636e-13
4 3 2 1.346146739387e-13
4 3 2 1.2269473107109e-13
4 3 2 1.2265738983997e-13
4 3 2 1.2259659033646e-13
4 3 2 1.2257813756389e-13
4 3 2 9.9764981067169e-14
4 3 2 9.9749898712512e-14
4 3 2 9.9712594763127e-14
4 3 2 9.9680851157583e-14
4 3 2 7.6820442590786e-14
4 3 2 7.6781351970784e-14
4 3 2 7.6764512794268e-14
4 3 2 7.6719220229147e-14
4 3 2 5.556758834751e-14
4 3 2 5.5510600255168e-14
4 3 2 5.5472854730504e-14
4 3 2 5.5463069122115e-14
4 3 2 3.259059837236e-14
4 3 2 3.2582656179486e-14
4 3 2 3.2568995744691e-14
4 3 2 3.2555748032976e-14
4 3 2 2.7311794584336e-14
4 3 2 2.7293491475828e-14
4 3 2 2.7278709907613e-14
4 3 2 2.7264423824758e-14
4 3 2 2.0881310241984e-14
4 3 2 2.0873905505897e-14
4 3 2 2.0857693377485e-14
4 3 2 2.08449901953e-14
4 3 2 1.3706064809383e-14
4 3 2 1.3702498868284e-14
4 3 2 1.3689499928022e-14
4 3 2 1.3672488222742e-14
4 3 2 4.123057803941e-15
4 3 2 4.1170863543009e-15
4 3 2 4.1115924557673e-15
4 3 2 4.1060965942609e-15
4 3 2 1.8186315805697e-15
4 3 2 1.8129916449336e-15
4 3 2 1.8099956845964e-15
4 3 2 1.8064260817717e-15
4 3 2 5.5333324676657e-16
4 3 2 5.5162652608337e-16
4 3 2 5.4993896102996e-16
4 3 2 5.4795413692207e-16
4 3 2 2.9514548384593e-16
4 3 2 2.9366422571665e-16
4 3 2 2.9272216593803e-16
4 3 2 2.9209490462683e-16
4 3 2 1.0752904597587e-16
4 3 2 1.0715868922151e-16
4 3 2 1.0693283948735e-16
4 3 2 1.0642172058211e-16
4 3 2 6.8415662730888e-17
4 3 2 6.7899952373964e-17
4 3 2 6.7654744180167e-17
4 3 2 6.7140718009507e-17
4 3 2 5.2319241061439e-17
4 3 2 5.2095183291004e-17
4 3 2 5.1716981876849e-17
4 3 2 5.1507303656194e-17
4 3 2 4.0896368883764e-17
4 3 2 4.0724300293263e-17
4 3 2 4.0206975056697e-17
4 3 2 4.0033153636258e-17
4 3 2 2.9125141596973e-17
4 3 2 2.9020587778688e-17
4 3 2 2.8715968930436e-17
4 3 2 2.8594933977229e-17
4 3 2 2.3856155397093e-17
4 3 2 2.3594094223228e-17
4 3 2 2.3390372584851e-17
4 3 2 2.3038812853839e-17
4 3 2 1.6854212374351e-17
4 3 2 1.6630684728781e-17
4 3 2 1.6489621540842e-17
4 3 2 1.6347059608051e-17
4 3 2 1.0742360370572e-17
4 3 2 1.0459554983449e-17
4 3 2 1.0384744020054e-17
4 3 2 1.0176752897448e-17
4 3 2 5.9179269717406e-18
4 3 2 5.7293358589987e-18
4 3 2 5.5861857417534e-18
4 3 2 5.5262005144998e-18
4 3 2 3.3680070910773e-18
4 3 2 3.2740902688212e-18
4 3 2 3.1615487480295e-18
4 3 2 3.043564224428e-18
4 3 2 2.7580752548757e-18
4 3 2 2.7257977972568e-18
4 3 2 2.6877564424778e-18
4 3 2 2.5585999763939e-18
4 3 2 2.0793815127303e-18
4 3 2 2.0467645575251e-18
4 3 2 1.9565246364875e-18
4 3 2 1.8144061201387e-18
4 3 2 1.4311521213934e-18
4 3 2 1.3110748880339e-18
4 3 2 1.2343107908807e-18
4 3 2 1.166331750958e-18
4 3 2 8.592508969598e-19
4 3 2 7.7059285368614e-19
4 3 2 7.1394824355216e-19
4 3 2 6.6319880990897e-19
4 3 2 5.9894563088193e-19
4 3 2 5.8301225292229e-19
4 3 2 5.1537497303698e-19
4 3 2 4.4742928189468e-19
4 3 2 4.2166422361938e-19
4 3 2 3.8337796815857e-19
4 3 2 3.6250026769236e-19
4 3 2 2.9769193408556e-19
4 3 2 2.1502955328413e-19
4 3 2 1.832281463233e-19
4 3 2 1.3393291696606e-19
4 3 2 9.4002826276221e-21
4 3 3 0.0024947000526978
4 3 3 0.0024946999894628
4 3 3 0.0024946999608579
4 3 3 0.0024946999580853
4 3 3 0.0022273927461933
4 3 3 0.0022273926945174
4 3 3 0.0022273926596476
4 3 3 0.0022273926078299
4 3 3 0.0019762381728945
4 3 3 0.0019762381329421
4 3 3 0.0019762380620954
4 3 3 0.0019762380441873
4 3 3 0.001668204616302
4 3 3 0.0016682045901489
4 3 3 0.0016682045601199
4 3 3 0.0016682045201414
4 3 3 0.0015854225040075
4 3 3 0.001585422480803
4 3 3 0.001585422471972
4 3 3 0.001585422436304
4 3 3 0.0014381391129798
4 3 3 0.0014381391039048
4 3 3 0.0014381390692013
4 3 3 0.0014381390556359
4 3 3 0.0012392130611506
4 3 3 0.0012392130373398
4 3 3 0.0012392130162618
4 3 3 0.0012392129995545
4 3 3 0.0010637822452469
4 3 3 0.0010637822387019
4 3 3 0.0010637822174449
4 3 3 0.0010637821891599
4 3 3 0.00085491507044499
4 3 3 0.00085491505500371
4 3 3 0.00085491504723249
4 3 3 0.00085491502985434
4 3 3 0.00064354340543501
4 3 3 0.00064354338385366
4 3 3 0.00064354337234534
4 3 3 0.00064354336006759
4 3 3 2.8011323473395e-12
4 3 3 2.8003386653629e-12
4 3 3 2.8000610338395e-12
4 3 3 2.7994304769992e-12
4 3 3 1.7046604167211e-12
4 3 3 1.704477421909e-12
4 3 3 1.7041357022651e-12
4 3 3 1.7036365068601e-12
4 3 3 1.4540861888189e-12
4 3 3 1.4537907205499e-12
4 3 3 1.4535775223731e-12
4 3 3 1.4533419515053e-12
4 3 3 1.334746690753e-12
4 3 3 1.3345419169759e-12
4 3 3 1.3340741874326e-12
4 3 3 1.3337483949938e-12
4 3 3 1.184947644419e-12
4 3 3 1.1846416342076e-12
4 3 3 1.1844546220848e-12
4 3 3 1.1843023347925e-12
4 3 3 1.0295820320524e-12
4 3 3 1.029130820481e-12
4 3 3 1.0286924287203e-12
4 3 3 1.0284583181071e-12
4 3 3 8.9835523084986e-13
4 3 3 8.981119072138e-13
4 3 3 8.9801620814429e-13
4 3 3 8.977364252437e-13
4 3 3 7.8549348143463e-13
4 3 3 7.8525498374492e-13
4 3 3 7.8500658891933e-13
4 3 3 7.8480985056316e-13
4 3 3 6.5045900646481e-13
4 3 3 6.5039522887506e-13
4 3 3 6.5027806961774e-13
4 3 3 6.5010239755566e-13
4 3 3 5.2346815006154e-13
4 3 3 5.2342404877745e-13
4 3 3 5.2329184427184e-13
4 3 3 5.2307838862453e-13
4 3 3 4.6035538456684e-13
4 3 3 4.6022737957082e-13
4 3 3 4.60184276394e-13
4 3 3 4.6008513340223e-13
4 3 3 4.2121499435363e-13
4 3 3 4.2108761522429e-13
4 3 3 4.2096407017276e-13
4 3 3 4.2078922560423e-13
4 3 3 3.2093528917514e-13
4 3 3 3.2086294470454e-13
4 3 3 3.2076015259642e-13
4 3 3 3.2073244858856e-13
4 3 3 2.8438784770574e-13
4 3 3 2.8434634458594e-13
4 3 3 2.8428796740575e-13
4 3 3 2.8416421208485e-13
4 3 3 2.6099240419489e-13
4 3 3 2.6090471512922e-13
4 3 3 2.608433502586e-13
4 3 3 2.6072586462146e-13
4 3 3 2.4904640963921e-13
4 3 3 2.4896615907806e-13
4 3 3 2.489124004151e-13
4 3 3 2.488787285392e-13
4 3 3 1.9131054689271e-13
4 3 3 1.912532106367e-13
4 3 3 1.9117035733087e-13
4 3 3 1.9113054446322e-13
4 3 3 1.7781474398926e-13
4 3 3 1.7778229318155e-13
4 3 3 1.7771276748818e-13
4 3 3 1.7764585745213e-13
4 3 3 1.4408317105718e-13
4 3 3 1.4399263744891e-13
4 3 3 1.4394351839335e-13
4 3 3 1.4391258630154e-13
4 3 3 1.1209584945716e-13
4 3 3 1.1197717911857e-13
4 3 3 1.1192948487517e-13
4 3 3 1.1189429262618e-13
4 3 3 1.0122248089436e-13
4 3 3 1.0118052860409e-13
4 3 3 1.0115270255673e-13
4 3 3 1.0111241809581e-13
4 3 3 7.6447869585119e-14
4 3 3 7.6433289909689e-14
4 3 3 7.6413367719173e-14
4 3 3 7.6360683241169e-14
4 3 3 6.5507999122245e-14
4 3 3 6.547740688671e-14
4 3 3 6.5449227108394e-14
4 3 3 6.5428364304913e-14
4 3 3 4.890787427243e-14
4 3 3 4.8894806346701e-14
4 3 3 4.8866672939027e-14
4 3 3 4.8856488190524e-14
4 3 3 3.8963237926429e-14
4 3 3 3.8935034598391e-14
4 3 3 3.8910454052073e-14
4 3 3 3.8888215115363e-14
4 3 3 3.3821100241126e-14
4 3 3 3.381248271338e-14
4 3 3 3.3790433574107e-14
4 3 3 3.3753849821683e-14
4 3 3 1.6431693787743e-14
4 3 3 1.6423303285027e-14
4 3 3 1.6413184443547e-14
4 3 3 1.6397034616546e-14
4 3 3 1.2177546833592e-14
4 3 3 1.2164656601304e-14
4 3 3 1.2155848207867e-14
4 3 3 1.2136431029518e-14
4 3 3 8.4449507813474e-15
4 3 3 8.4312210060073e-15
4 3 3 8.4254790311704e-15
4 3 3 8.4207603515428e-15
4 3 3 3.7070763941926e-15
4 3 3 3.7028196486268e-15
4 3 3 3.6980100738098e-15
4 3 3 3.6951230664189e-15
4 3 3 1.939932093773e-15
4 3 3 1.9370041777043e-15
4 3 3 1.9323346449906e-15
4 3 3 1.9308147007412e-15
4 3 3 6.5821519154129e-16
4 3 3 6.5650714314316e-16
4 3 3 6.5528929366338e-16
4 3 3 6.5147801580872e-16
4 3 3 5.424920824979e-16
4 3 3 5.4149293752066e-16
4 3 3 5.3781142870231e-16
4 3 3 5.3580393707755e-16
4 3 3 1.4754868157217e-16
4 3 3 1.4666200216029e-16
4 3 3 1.4611432009447e-16
4 3 3 1.4520001531972e-16
4 3 3 9.762129843947e-17
4 3 3 9.6802212464686e-17
4 3 3 9.6529233540516e-17
4 3 3 9.597610482458e-17
4 3 3 7.5023668122291e-17
4 3 3 7.4579484546244e-17
4 3 3 7.3917757206127e-17
4 3 3 7.3736329736209e-17
4 3 3 5.071938052476e-17
4 3 3 5.028919083686e-17
4 3 3 4.9784892609648e-17
4 3 3 4.9513536405281e-17
4 3 3 3.4744038440585e-17
4 3 3 3.4366778868272e-17
4 3 3 3.4234082741474e-17
4 3 3 3.3781847076783e-17
4 3 3 3.1233134083621e-17
4 3 3 3.1021884433821e-17
4 3 3 3.0631452166229e-17
4 3 3 3.0264442516753e-17
4 3 3 1.6718082026905e-17
4 3 3 1.6567635158605e-17
4 3 3 1.6453978061578e-17
4 3 3 1.6231073461865e-17
4 3 3 1.4876747792732e-17
4 3 3 1.4793960337226e-17
4 3 3 1.4645505998691e-17
4 3 3 1.426205762507e-17
4 3 3 1.0488217473042e-17
4 3 3 1.0302776806981e-17
4 3 3 1.0003796094006e-17
4 3 3 9.9103778689331e-18
4 3 3 4.4882750312623e-18
4 3 3 4.325545945201e-18
4 3 3 4.2128655267733e-18
4 3 3 4.1802994871114e-18
4 3 3 3.8038436109677e-18
4 3 3 3.6905854926079e-18
4 3 3 3.6368722902825e-18
4 3 3 3.4351653039327e-18
4 3 3 2.8340980418137e-18
4 3 3 2.775810137539e-18
4 3 3 2.6861717966438e-18
4 3 3 2.5489718654861e-18
4 3 3 1.6216793710312e-18
4 3 3 1.4733218061652e-18
4 3 3 1.4093816249839e-18
4 3 3 1.3881520520159e-18
4 3 3 8.6306942779472e-19
4 3 3 6.9535661400862e-19
4 3 3 6.3153576130305e-19
4 3 3 5.981401637214e-19
4 3 3 5.6240857792501e-19
4 3 3 5.020817148455e-19
4 3 3 4.6517162457403e-19
4 3 3 4.3677132023539e-19
4 3 3 3.9522446595862e-19
4 3 3 3.309207396041e-19
4 3 3 2.899157560832e-19
4 3 3 2.4942456953225e-19
4 3 3 2.1725327253597e-19
4 3 3 1.4420664411603e-19
4 3 3 9.5210059720382e-20
4 3 3 4.8712253572026e-20
