#  N    Kx    Ky    lambda
4 0 0 0.002766658198559
4 0 0 0.0027666581618492
4 0 0 0.0027666581290047
4 0 0 0.002766658090058
4 0 0 0.0027315305883408
4 0 0 0.0027315305597472
4 0 0 0.0027315305292032
4 0 0 0.0027315304848795
4 0 0 0.0023767515089632
4 0 0 0.002376751424724
4 0 0 0.0023767514119302
4 0 0 0.0023767513691404
4 0 0 0.0020090708739051
4 0 0 0.0020090708514317
4 0 0 0.0020090708009142
4 0 0 0.0020090707918952
4 0 0 0.0017097618249146
4 0 0 0.0017097617530333
4 0 0 0.0017097617435568
4 0 0 0.0017097617114202
4 0 0 0.0015811026723939
4 0 0 0.0015811026577742
4 0 0 0.0015811026418867
4 0 0 0.0015811026310959
4 0 0 0.0015124907283496
4 0 0 0.0015124905925657
4 0 0 0.0015124905805102
4 0 0 0.0015124905224079
4 0 0 0.001505448495008
4 0 0 0.0015054484736039
4 0 0 0.001505448428384
4 0 0 0.0015054484220341
4 0 0 0.0013400458578026
4 0 0 0.0013400458369608
4 0 0 0.0013400458120611
4 0 0 0.001340045794478
4 0 0 0.0010440686356775
4 0 0 0.0010440686219841
4 0 0 0.0010440686066538
4 0 0 0.00104406858817
4 0 0 0.00088545783274562
4 0 0 0.00088545781920669
4 0 0 0.0008854578116676
4 0 0 0.00088545780116395
4 0 0 0.00075731908772731
4 0 0 0.0007573190777345
4 0 0 0.00075731906454963
4 0 0 0.00075731905771968
4 0 0 9.26862685571e-13
4 0 0 9.2665934805623e-13
4 0 0 9.2653590123866e-13
4 0 0 9.2622510360006e-13
4 0 0 5.2953999776565e-13
4 0 0 5.2915220947704e-13
4 0 0 5.2909552962437e-13
4 0 0 5.2881993743809e-13
4 0 0 4.7689200351725e-13
4 0 0 4.7661035241063e-13
4 0 0 4.7640720975764e-13
4 0 0 4.7624500931018e-13
4 0 0 4.6270756810083e-13
4 0 0 4.6260868837914e-13
4 0 0 4.6244557402209e-13
4 0 0 4.6239980041278e-13
4 0 0 1.8402733374548e-13
4 0 0 1.8386271569927e-13
4 0 0 1.8382614714678e-13
4 0 0 1.8369054304742e-13
4 0 0 1.7018685355862e-13
4 0 0 1.7010759452351e-13
4 0 0 1.7005973305643e-13
4 0 0 1.6995763459871e-13
4 0 0 1.6762129726816e-13
4 0 0 1.6759446879406e-13
4 0 0 1.6753780839813e-13
4 0 0 1.6741669980789e-13
4 0 0 1.4642347401934e-13
4 0 0 1.4638863140014e-13
4 0 0 1.4632167928094e-13
4 0 0 1.4628615898346e-13
4 0 0 1.4194735583936e-13
4 0 0 1.4188585458375e-13
4 0 0 1.4177134634955e-13
4 0 0 1.4170562577318e-13
4 0 0 1.1891640506124e-13
4 0 0 1.1886474963864e-13
4 0 0 1.1884460507674e-13
4 0 0 1.1878839946109e-13
4 0 0 1.0444494175046e-13
4 0 0 1.0438629748053e-13
4 0 0 1.0435234434912e-13
4 0 0 1.0429100757789e-13
4 0 0 8.6979019487281e-14
4 0 0 8.6957572771988e-14
4 0 0 8.6952530352276e-14
4 0 0 8.689546227816e-14
4 0 0 8.3764796877628e-14
4 0 0 8.3720447890342e-14
4 0 0 8.3679950896339e-14
4 0 0 8.3670161906904e-14
4 0 0 6.9926198785982e-14
4 0 0 6.9886345864466e-14
4 0 0 6.9878313124559e-14
4 0 0 6.9853429486787e-14
4 0 0 4.9448123799318e-14
4 0 0 4.9431736070924e-14
4 0 0 4.9423433891234e-14
4 0 0 4.9409796243825e-14
4 0 0 4.705752914209e-14
4 0 0 4.7032152852766e-14
4 0 0 4.7018747806339e-14
4 0 0 4.6987336623518e-14
4 0 0 4.4747769321389e-14
4 0 0 4.4711656027146e-14
4 0 0 4.4687654652244e-14
4 0 0 4.4673547629491e-14
4 0 0 3.9573195619526e-14
4 0 0 3.9560896346853e-14
4 0 0 3.954769204113e-14
4 0 0 3.9527064352379e-14
4 0 0 3.2509462587773e-14
4 0 0 3.2494012509692e-14
4 0 0 3.2471739921657e-14
4 0 0 3.24579098265e-14
4 0 0 1.7063806669379e-14
4 0 0 1.7046348192137e-14
4 0 0 1.7033999779841e-14
4 0 0 1.702336438157e-14
4 0 0 1.4539635311325e-14
4 0 0 1.4520274161926e-14
4 0 0 1.4511280368811e-14
4 0 0 1.4489766054627e-14
4 0 0 1.380478640863e-14
4 0 0 1.3793009200578e-14
4 0 0 1.3784128854483e-14
4 0 0 1.3773811790148e-14
4 0 0 1.23584427066e-14
4 0 0 1.2334322403967e-14
4 0 0 1.2329587350795e-14
4 0 0 1.2311336658805e-14
4 0 0 1.1958966935738e-14
4 0 0 1.1957767734181e-14
4 0 0 1.1951752629218e-14
4 0 0 1.1941559586227e-14
4 0 0 8.7369361526787e-15
4 0 0 8.7343819980595e-15
4 0 0 8.7301408647449e-15
4 0 0 8.7258090190758e-15
4 0 0 6.7562337122796e-15
4 0 0 6.7443767875607e-15
4 0 0 6.7427306231993e-15
4 0 0 6.7261636845448e-15
4 0 0 4.0742231470961e-15
4 0 0 4.0716105849877e-15
4 0 0 4.0666461829674e-15
4 0 0 4.0650139822988e-15
4 0 0 1.586627919526e-15
4 0 0 1.5845674499529e-15
4 0 0 1.5830551102383e-15
4 0 0 1.5809421157939e-15
4 0 0 1.236887768592e-15
4 0 0 1.2353505109552e-15
4 0 0 1.2333591998395e-15
4 0 0 1.2311213938718e-15
4 0 0 3.2238527790897e-16
4 0 0 3.2166328905862e-16
4 0 0 3.212316105624e-16
4 0 0 3.1973606703115e-16
4 0 0 2.6961512945087e-16
4 0 0 2.6871378630545e-16
4 0 0 2.6713120792977e-16
4 0 0 2.650132781922e-16
4 0 0 2.2088311034843e-16
4 0 0 2.2038763906903e-16
4 0 0 2.1983539560505e-16
4 0 0 2.1885442077686e-16
4 0 0 1.2730857763048e-16
4 0 0 1.2666232342687e-16
4 0 0 1.263727377975e-16
4 0 0 1.2478364201828e-16
4 0 0 4.8324854374656e-17
4 0 0 4.810365307781e-17
4 0 0 4.7715030473561e-17
4 0 0 4.7600511522445e-17
4 0 0 3.5883964518617e-17
4 0 0 3.5656151527632e-17
4 0 0 3.5281869033752e-17
4 0 0 3.5180326842961e-17
4 0 0 2.276458397999e-17
4 0 0 2.2513971596267e-17
4 0 0 2.2407264996257e-17
4 0 0 2.2260516362321e-17
4 0 0 1.6026838759981e-17
4 0 0 1.5954436379532e-17
4 0 0 1.5728291705088e-17
4 0 0 1.5645172530736e-17
4 0 0 1.279085649105e-17
4 0 0 1.262346255168e-17
4 0 0 1.2568728495339e-17
4 0 0 1.2392218681416e-17
4 0 0 8.0957245666308e-18
4 0 0 7.895970591008e-18
4 0 0 7.7697981721395e-18
4 0 0 7.6117295073133e-18
4 0 0 4.3916534095059e-18
4 0 0 4.3295674830225e-18
4 0 0 4.197796132288e-18
4 0 0 4.1586467852291e-18
4 0 0 3.9718188853578e-18
4 0 0 3.9428306457017e-18
4 0 0 3.888229457539e-18
4 0 0 3.8450914301578e-18
4 0 0 3.7964477151663e-18
4 0 0 3.7608524374235e-18
4 0 0 3.6719796298355e-18
4 0 0 3.6110736659129e-18
4 0 0 1.6381376648676e-18
4 0 0 1.5912850067703e-18
4 0 0 1.5465337289331e-18
4 0 0 1.4794770597241e-18
4 0 0 1.3045831879993e-18
4 0 0 1.21678366186e-18
4 0 0 1.1281388879768e-18
4 0 0 1.0669399500251e-18
4 0 0 9.4493037464683e-19
4 0 0 8.8056494925322e-19
4 0 0 8.2530660480704e-19
4 0 0 7.4854161813288e-19
4 0 0 6.0945911814388e-19
4 0 0 5.8726782467769e-19
4 0 0 5.2612284100675e-19
4 0 0 4.8251720305638e-19
4 0 0 4.3745020395014e-19
4 0 0 3.8044811430447e-19
4 0 0 3.2608427805174e-19
4 0 0 2.744197867079e-19
4 0 0 2.5331645307561e-19
4 0 0 2.1512594409624e-19
4 0 0 2.107959563454e-19
4 0 0 1.671816914972e-19
4 0 0 1.3578617196184e-19
4 0 0 1.0594390023147e-19
4 0 0 7.5885805130092e-20
4 0 0 3.7255019269318e-20
4 0 0 1.8703988748987e-20
4 0 0 -2.6807741863429e-20
4 0 0 -4.3180275985705e-20
4 0 0 -7.5499266339912e-20
4 0 0 -9.9001041805003e-20
4 0 0 -1.3006461239906e-19
4 0 0 -1.7937001310489e-19
4 0 0 -2.2203435508213e-19
4 0 1 0.0027503647080022
4 0 1 0.0027503646700228
4 0 1 0.0027503646432318
4 0 1 0.0027503646308401
4 0 1 0.002442884433937
4 0 1 0.002442884391845
4 0 1 0.0024428843675132
4 0 1 0.0024428843388405
4 0 1 0.0021357943494375
4 0 1 0.002135794311093
4 0 1 0.0021357942999981
4 0 1 0.0021357942858825
4 0 1 0.0018222950824367
4 0 1 0.0018222950619994
4 0 1 0.0018222950549071
4 0 1 0.0018222950358522
4 0 1 0.0015536751775126
4 0 1 0.0015536751393447
4 0 1 0.0015536751192639
4 0 1 0.0015536750842862
4 0 1 0.0014747867511603
4 0 1 0.0014747867379271
4 0 1 0.0014747867335364
4 0 1 0.0014747867092655
4 0 1 0.0013783908221998
4 0 1 0.0013783908144452
4 0 1 0.0013783908093038
4 0 1 0.0013783907927699
4 0 1 0.0010861208949917
4 0 1 0.0010861208809905
4 0 1 0.001086120863457
4 0 1 0.0010861208439055
4 0 1 0.00084516735163298
4 0 1 0.0008451673395865
4 0 1 0.00084516732711387
4 0 1 0.00084516732182335
4 0 1 0.00066992991004952
4 0 1 0.00066992990615327
4 0 1 0.00066992989123373
4 0 1 0.00066992988120509
4 0 1 5.0413563245072e-13
4 0 1 5.0406737024955e-13
4 0 1 5.0394167182847e-13
4 0 1 5.0384527623981e-13
4 0 1 3.8088591706874e-13
4 0 1 3.8075731267832e-13
4 0 1 3.8061964607719e-13
4 0 1 3.8055301693045e-13
4 0 1 3.5053775789919e-13
4 0 1 3.5045629863798e-13
4 0 1 3.502866842918e-13
4 0 1 3.5013314180249e-13
4 0 1 2.7257527081485e-13
4 0 1 2.7247111978405e-13
4 0 1 2.7242114305227e-13
4 0 1 2.7236030154537e-13
4 0 1 2.4112347796276e-13
4 0 1 2.411091821237e-13
4 0 1 2.4104305395394e-13
4 0 1 2.4091872938357e-13
4 0 1 1.938499501685e-13
4 0 1 1.9377020370568e-13
4 0 1 1.9373175285017e-13
4 0 1 1.9361489195626e-13
4 0 1 1.7026854765848e-13
4 0 1 1.7020397664609e-13
4 0 1 1.7015903966763e-13
4 0 1 1.7004434695111e-13
4 0 1 1.4789390030835e-13
4 0 1 1.4786315528098e-13
4 0 1 1.4778757344056e-13
4 0 1 1.4773269179172e-13
4 0 1 1.3522775649424e-13
4 0 1 1.3515947144574e-13
4 0 1 1.3512809134116e-13
4 0 1 1.3501092593063e-13
4 0 1 1.0364362551503e-13
4 0 1 1.036039082592e-13
4 0 1 1.0356625617044e-13
4 0 1 1.0354601600077e-13
4 0 1 8.8075211379542e-14
4 0 1 8.8068081814651e-14
4 0 1 8.8027383744123e-14
4 0 1 8.7958523994336e-14
4 0 1 7.2545427004123e-14
4 0 1 7.253752778319e-14
4 0 1 7.2519483958958e-14
4 0 1 7.2500751786476e-14
4 0 1 6.3415816617396e-14
4 0 1 6.3346388543739e-14
4 0 1 6.3302941294477e-14
4 0 1 6.3269174979902e-14
4 0 1 5.7653441987036e-14
4 0 1 5.7639172173907e-14
4 0 1 5.7617160985286e-14
4 0 1 5.7585516702334e-14
4 0 1 5.5599890170932e-14
4 0 1 5.5575091835656e-14
4 0 1 5.5556559104512e-14
4 0 1 5.5538924751556e-14
4 0 1 4.1576268613977e-14
4 0 1 4.1561630215656e-14
4 0 1 4.1543767857789e-14
4 0 1 4.1518667472245e-14
4 0 1 3.9001095270879e-14
4 0 1 3.8973047335015e-14
4 0 1 3.8957779233503e-14
4 0 1 3.894244736961e-14
4 0 1 3.4308088068682e-14
4 0 1 3.4299865297279e-14
4 0 1 3.4288859102206e-14
4 0 1 3.4280862908734e-14
4 0 1 3.037903677839e-14
4 0 1 3.0372366545594e-14
4 0 1 3.0356603038544e-14
4 0 1 3.0331725187173e-14
4 0 1 2.4685288655619e-14
4 0 1 2.4677636518652e-14
4 0 1 2.466336459112e-14
4 0 1 2.4650039368231e-14
4 0 1 1.7923747756002e-14
4 0 1 1.7909237159388e-14
4 0 1 1.790253276517e-14
4 0 1 1.7888252405201e-14
4 0 1 1.643016592334e-14
4 0 1 1.6413311761714e-14
4 0 1 1.6407695147193e-14
4 0 1 1.6403167279417e-14
4 0 1 1.3232095641032e-14
4 0 1 1.3228240410618e-14
4 0 1 1.322209500707e-14
4 0 1 1.3212817286165e-14
4 0 1 7.6806258372974e-15
4 0 1 7.6769123902019e-15
4 0 1 7.6692782396933e-15
4 0 1 7.6645824293138e-15
4 0 1 6.8897591020411e-15
4 0 1 6.8819024984077e-15
4 0 1 6.8742137238508e-15
4 0 1 6.8654513801267e-15
4 0 1 5.1338931682525e-15
4 0 1 5.1298561023436e-15
4 0 1 5.126362138028e-15
4 0 1 5.1241024669478e-15
4 0 1 3.5926966533229e-15
4 0 1 3.5867254374047e-15
4 0 1 3.5826772498933e-15
4 0 1 3.5797426492877e-15
4 0 1 1.7461422901075e-15
4 0 1 1.7448671438148e-15
4 0 1 1.7411596653385e-15
4 0 1 1.7388670805789e-15
4 0 1 1.2482153564602e-15
4 0 1 1.2464144978797e-15
4 0 1 1.2438966712125e-15
4 0 1 1.2430910464944e-15
4 0 1 8.0439988605819e-16
4 0 1 8.0305260330802e-16
4 0 1 8.0173827940476e-16
4 0 1 7.9993845799308e-16
4 0 1 1.9368923466238e-16
4 0 1 1.9281946671705e-16
4 0 1 1.9201297625945e-16
4 0 1 1.9152693030364e-16
4 0 1 1.3319167718282e-16
4 0 1 1.3273803987657e-16
4 0 1 1.320701838693e-16
4 0 1 1.3164286385197e-16
4 0 1 1.0558765091215e-16
4 0 1 1.0503141336326e-16
4 0 1 1.0430032306391e-16
4 0 1 1.0366510308749e-16
4 0 1 2.6511231247677e-17
4 0 1 2.6379386414203e-17
4 0 1 2.6149473485384e-17
4 0 1 2.5820366116062e-17
4 0 1 1.9148451667473e-17
4 0 1 1.8804253409076e-17
4 0 1 1.8628377435498e-17
4 0 1 1.8443822026878e-17
4 0 1 1.5228323567454e-17
4 0 1 1.5124375143057e-17
4 0 1 1.5010545156842e-17
4 0 1 1.483984066404e-17
4 0 1 1.137014299981e-17
4 0 1 1.1307477088232e-17
4 0 1 1.10480924054e-17
4 0 1 1.0916647954596e-17
4 0 1 6.1982723775505e-18
4 0 1 6.0440882914794e-18
4 0 1 5.9747646069633e-18
4 0 1 5.9011288750595e-18
4 0 1 5.4735099539896e-18
4 0 1 5.3585397011685e-18
4 0 1 5.273783968002e-18
4 0 1 5.1632333608277e-18
4 0 1 4.1455934379304e-18
4 0 1 4.0753936510619e-18
4 0 1 4.006169030162e-18
4 0 1 3.9816678897766e-18
4 0 1 2.5681384147222e-18
4 0 1 2.5120490836431e-18
4 0 1 2.3837724374435e-18
4 0 1 2.3254625623673e-18
4 0 1 1.4017623052106e-18
4 0 1 1.3471492910547e-18
4 0 1 1.2962160626735e-18
4 0 1 1.2230255662264e-18
4 0 1 1.0499687344915e-18
4 0 1 9.8628963075878e-19
4 0 1 9.2813590566179e-19
4 0 1 9.1192323513124e-19
4 0 1 8.7527360213634e-19
4 0 1 8.4465358479568e-19
4 0 1 7.8330499147452e-19
4 0 1 7.3841829613563e-19
4 0 1 6.0658521309003e-19
4 0 1 5.5253212858832e-19
4 0 1 4.778475148535e-19
4 0 1 4.4473264556014e-19
4 0 1 3.9242983731777e-19
4 0 1 3.6790540560329e-19
4 0 1 3.2224576571802e-19
4 0 1 2.7942528340178e-19
4 0 1 2.6917714494726e-19
4 0 1 2.3765258212194e-19
4 0 1 2.2914084424115e-19
4 0 1 1.9334191470441e-19
4 0 1 1.50893942479e-19
4 0 1 1.2366968523078e-19
4 0 1 8.6299892336094e-20
4 0 1 5.6099745216855e-20
4 0 1 2.9665848074832e-20
4 0 1 9.6400075382016e-21
4 0 1 -7.0638109493817e-21
4 0 1 -5.0084377331546e-20
4 0 1 -8.5544246484936e-20
4 0 1 -1.0531284363307e-19
4 0 1 -1.6398484005947e-19
4 0 1 -1.9857925705986e-19
4 0 2 0.0027502920252438
4 0 2 0.0027502919833458
4 0 2 0.0027502919511751
4 0 2 0.0027502919420227
4 0 2 0.002435101491977
4 0 2 0.0024351014605137
4 0 2 0.0024351014390774
4 0 2 0.0024351014125288
4 0 2 0.0020389373918356
4 0 2 0.0020389373709015
4 0 2 0.0020389373458891
4 0 2 0.0020389373262278
4 0 2 0.0016546653508715
4 0 2 0.0016546653452878
4 0 2 0.0016546653323914
4 0 2 0.0016546653112989
4 0 2 0.0016102461465943
4 0 2 0.0016102461324637
4 0 2 0.0016102461185384
4 0 2 0.0016102461035312
4 0 2 0.0015552167471166
4 0 2 0.0015552167039776
4 0 2 0.0015552166776797
4 0 2 0.0015552166503805
4 0 2 0.0012606794493182
4 0 2 0.0012606794419175
4 0 2 0.001260679417996
4 0 2 0.0012606794011974
4 0 2 0.0010391255461261
4 0 2 0.0010391255297659
4 0 2 0.001039125513779
4 0 2 0.0010391255097557
4 0 2 0.00091523455230948
4 0 2 0.00091523452823873
4 0 2 0.00091523452129594
4 0 2 0.0009152345110481
4 0 2 0.00071480782984576
4 0 2 0.00071480782185248
4 0 2 0.0007148078064752
4 0 2 0.00071480779915349
4 0 2 0.00056025689734592
4 0 2 0.0005602568891952
4 0 2 0.00056025688100278
4 0 2 0.00056025686461703
4 0 2 3.4878415459307e-13
4 0 2 3.4868484325976e-13
4 0 2 3.4863139395312e-13
4 0 2 3.4859168943037e-13
4 0 2 3.1330678343728e-13
4 0 2 3.1327322740969e-13
4 0 2 3.131396063168e-13
4 0 2 3.130659458973e-13
4 0 2 2.9905053051015e-13
4 0 2 2.9898194337037e-13
4 0 2 2.9883759409801e-13
4 0 2 2.9876207634641e-13
4 0 2 2.9602141130815e-13
4 0 2 2.9591513713302e-13
4 0 2 2.9579913929532e-13
4 0 2 2.9572709819624e-13
4 0 2 2.3842597131186e-13
4 0 2 2.383612172556e-13
4 0 2 2.3831563568109e-13
4 0 2 2.3829819321792e-13
4 0 2 1.8859573660565e-13
4 0 2 1.8852298821046e-13
4 0 2 1.8843890348844e-13
4 0 2 1.8835778154913e-13
4 0 2 1.5597557064302e-13
4 0 2 1.5589949161274e-13
4 0 2 1.5586214102137e-13
4 0 2 1.5584424117814e-13
4 0 2 1.3722111605831e-13
4 0 2 1.3720286179018e-13
4 0 2 1.3716083372893e-13
4 0 2 1.3712192441292e-13
4 0 2 1.169966773905e-13
4 0 2 1.169459152771e-13
4 0 2 1.1689720121331e-13
4 0 2 1.1688529071636e-13
4 0 2 1.1185353009102e-13
4 0 2 1.1183334732246e-13
4 0 2 1.1181522486428e-13
4 0 2 1.1175274726348e-13
4 0 2 8.2402554186929e-14
4 0 2 8.2378149860674e-14
4 0 2 8.2315119422014e-14
4 0 2 8.2297907833616e-14
4 0 2 7.2770218220214e-14
4 0 2 7.2649317549656e-14
4 0 2 7.2615936636465e-14
4 0 2 7.25168831181e-14
4 0 2 7.1567353743515e-14
4 0 2 7.152845629302e-14
4 0 2 7.1508014043262e-14
4 0 2 7.1479685150913e-14
4 0 2 6.9144462930206e-14
4 0 2 6.9112748229988e-14
4 0 2 6.9092423646941e-14
4 0 2 6.9078677445438e-14
4 0 2 6.1240731841595e-14
4 0 2 6.1214893773822e-14
4 0 2 6.1183481832742e-14
4 0 2 6.1120332211201e-14
4 0 2 5.0899981945079e-14
4 0 2 5.0881827013627e-14
4 0 2 5.0872335939637e-14
4 0 2 5.0850163578246e-14
4 0 2 3.8125290369718e-14
4 0 2 3.8101991904303e-14
4 0 2 3.8091637732846e-14
4 0 2 3.8066725667858e-14
4 0 2 3.1378955461715e-14
4 0 2 3.1373484277077e-14
4 0 2 3.1370226944612e-14
4 0 2 3.1350273898534e-14
4 0 2 2.718465726946e-14
4 0 2 2.7159368931549e-14
4 0 2 2.7145939753242e-14
4 0 2 2.7135981545003e-14
4 0 2 2.3363067587196e-14
4 0 2 2.335109708452e-14
4 0 2 2.3341462611114e-14
4 0 2 2.3324041177391e-14
4 0 2 1.8283053414324e-14
4 0 2 1.8269803297138e-14
4 0 2 1.8261761986722e-14
4 0 2 1.8249908261403e-14
4 0 2 1.6462307105042e-14
4 0 2 1.6454781096229e-14
4 0 2 1.6450847247137e-14
4 0 2 1.6439920728933e-14
4 0 2 1.1955621627187e-14
4 0 2 1.1950788200499e-14
4 0 2 1.1943202740646e-14
4 0 2 1.1936844323995e-14
4 0 2 1.071123838286e-14
4 0 2 1.0700185606611e-14
4 0 2 1.0688335885185e-14
4 0 2 1.0683063692271e-14
4 0 2 8.9723254987747e-15
4 0 2 8.9682801609777e-15
4 0 2 8.9639865972483e-15
4 0 2 8.9595575370786e-15
4 0 2 7.1614904254848e-15
4 0 2 7.155292311692e-15
4 0 2 7.1516981793165e-15
4 0 2 7.1487605353152e-15
4 0 2 6.1857312184397e-15
4 0 2 6.1820998293017e-15
4 0 2 6.1761172309369e-15
4 0 2 6.170241663335e-15
4 0 2 3.2183330123402e-15
4 0 2 3.2138985190841e-15
4 0 2 3.2058318907526e-15
4 0 2 3.2039406472267e-15
4 0 2 3.0339810081894e-15
4 0 2 3.0329806450898e-15
4 0 2 3.0277922583514e-15
4 0 2 3.0243738747924e-15
4 0 2 1.0242172152088e-15
4 0 2 1.0207943441176e-15
4 0 2 1.01938167471e-15
4 0 2 1.0186816188891e-15
4 0 2 1.8978008534053e-16
4 0 2 1.894114405263e-16
4 0 2 1.8899280922928e-16
4 0 2 1.8843986311441e-16
4 0 2 1.2922560119359e-16
4 0 2 1.2871657459839e-16
4 0 2 1.2826256185175e-16
4 0 2 1.2779324308775e-16
4 0 2 5.7480355643012e-17
4 0 2 5.7064955507674e-17
4 0 2 5.6363194356602e-17
4 0 2 5.6299559839788e-17
4 0 2 2.0773308449091e-17
4 0 2 2.0516589067364e-17
4 0 2 2.041218483466e-17
4 0 2 2.0268174665114e-17
4 0 2 1.2367425494067e-17
4 0 2 1.2222918789423e-17
4 0 2 1.2054547185215e-17
4 0 2 1.1974243045839e-17
4 0 2 1.1817432582282e-17
4 0 2 1.1693268337666e-17
4 0 2 1.1603380743175e-17
4 0 2 1.1478577182755e-17
4 0 2 9.502385708994e-18
4 0 2 9.4463080573473e-18
4 0 2 9.4059892306888e-18
4 0 2 9.1191260336344e-18
4 0 2 5.9367700697157e-18
4 0 2 5.8171535972569e-18
4 0 2 5.6930046879601e-18
4 0 2 5.6395490325974e-18
4 0 2 4.3718619587846e-18
4 0 2 4.26538936195e-18
4 0 2 4.1997779158233e-18
4 0 2 4.1008506572243e-18
4 0 2 2.8725609298167e-18
4 0 2 2.8372704639134e-18
4 0 2 2.7639361285194e-18
4 0 2 2.6616850341307e-18
4 0 2 2.4839170631227e-18
4 0 2 2.3438090058659e-18
4 0 2 2.2887870274348e-18
4 0 2 2.2128026950921e-18
4 0 2 2.0055086098228e-18
4 0 2 1.9334801337954e-18
4 0 2 1.8746022656949e-18
4 0 2 1.8043677017042e-18
4 0 2 1.2160670009329e-18
4 0 2 1.0948109120138e-18
4 0 2 1.0388141575209e-18
4 0 2 9.7238519408282e-19
4 0 2 6.7211790450405e-19
4 0 2 5.9326270339953e-19
4 0 2 5.2766660952209e-19
4 0 2 4.8768708511967e-19
4 0 2 4.6468079277387e-19
4 0 2 4.1886229887589e-19
4 0 2 3.9577146940851e-19
4 0 2 3.835921898016e-19
4 0 2 3.6209207449426e-19
4 0 2 3.3656092373915e-19
4 0 2 3.0885225275046e-19
4 0 2 2.7512073040227e-19
4 0 2 2.5665486765468e-19
4 0 2 2.3102731283997e-19
4 0 2 2.0669523534044e-19
4 0 2 1.97029417655e-19
4 0 2 1.6495150110209e-19
4 0 2 1.494489370393e-19
4 0 2 1.1791783391149e-19
4 0 2 1.0126733110798e-19
4 0 2 7.6754758844474e-20
4 0 2 6.0315112939754e-20
4 0 2 3.1713389466349e-20
4 0 2 6.0033749699048e-21
4 0 2 -1.9983728391618e-20
4 0 2 -4.9164638795692e-20
4 0 2 -7.8543453422338e-20
4 0 2 -1.0331023427066e-19
4 0 2 -1.2222349826822e-19
4 0 2 -1.6309826770904e-19
4 0 2 -2.3263729411963e-19
4 0 2 -2.8873990250885e-19
4 0 3 0.0027503647085527
4 0 3 0.0027503646646854
4 0 3 0.0027503646464026
4 0 3 0.0027503646302018
4 0 3 0.0024428844184666
4 0 3 0.0024428843875057
4 0 3 0.0024428843780334
4 0 3 0.0024428843502706
4 0 3 0.0021357943427705
4 0 3 0.0021357943239964
4 0 3 0.0021357942942423
4 0 3 0.0021357942863246
4 0 3 0.0018222950857196
4 0 3 0.0018222950686861
4 0 3 0.0018222950493014
4 0 3 0.0018222950347428
4 0 3 0.0015536751757858
4 0 3 0.0015536751373581
4 0 3 0.0015536751198374
4 0 3 0.0015536750837991
4 0 3 0.0014747867602777
4 0 3 0.0014747867427646
4 0 3 0.0014747867277799
4 0 3 0.0014747867099662
4 0 3 0.0013783908329682
4 0 3 0.0013783908203824
4 0 3 0.0013783908072764
4 0 3 0.0013783907821
4 0 3 0.0010861208852338
4 0 3 0.0010861208749547
4 0 3 0.0010861208656862
4 0 3 0.0010861208500278
4 0 3 0.0008451673572402
4 0 3 0.00084516733869954
4 0 3 0.00084516732760656
4 0 3 0.00084516731599317
4 0 3 0.00066992991345998
4 0 3 0.00066992990196771
4 0 3 0.0006699298889413
4 0 3 0.00066992987898832
4 0 3 5.0420304112711e-13
4 0 3 5.0410340606851e-13
4 0 3 5.0395297357772e-13
4 0 3 5.0382940733272e-13
4 0 3 3.8092076386491e-13
4 0 3 3.8076995211909e-13
4 0 3 3.8064328941898e-13
4 0 3 3.8055784760245e-13
4 0 3 3.5049213395399e-13
4 0 3 3.5045818042057e-13
4 0 3 3.5031340261343e-13
4 0 3 3.5008166042629e-13
4 0 3 2.7257247117471e-13
4 0 3 2.7253428893715e-13
4 0 3 2.7245200055537e-13
4 0 3 2.7232982262514e-13
4 0 3 2.4113702193406e-13
4 0 3 2.4110780848375e-13
4 0 3 2.4101587516687e-13
4 0 3 2.4091398057916e-13
4 0 3 1.9383524357555e-13
4 0 3 1.9378367655669e-13
4 0 3 1.9371053360368e-13
4 0 3 1.936208501862e-13
4 0 3 1.7022784839892e-13
4 0 3 1.7016232170948e-13
4 0 3 1.7014629668366e-13
4 0 3 1.7010050075301e-13
4 0 3 1.4786679996432e-13
4 0 3 1.4785183532591e-13
4 0 3 1.4780720079932e-13
4 0 3 1.4770381785116e-13
4 0 3 1.3520665878639e-13
4 0 3 1.3514862227708e-13
4 0 3 1.3512321316762e-13
4 0 3 1.3504561727954e-13
4 0 3 1.0362367308549e-13
4 0 3 1.0359491550041e-13
4 0 3 1.0358297159173e-13
4 0 3 1.0355887083378e-13
4 0 3 8.8075186824052e-14
4 0 3 8.8042965827151e-14
4 0 3 8.8012573019645e-14
4 0 3 8.7953301082169e-14
4 0 3 7.2572760996344e-14
4 0 3 7.2544561140695e-14
4 0 3 7.252454535103e-14
4 0 3 7.2495147665217e-14
4 0 3 6.3383519823586e-14
4 0 3 6.3356254147515e-14
4 0 3 6.3331506842117e-14
4 0 3 6.3296259951391e-14
4 0 3 5.765341780659e-14
4 0 3 5.7631183883212e-14
4 0 3 5.7609676214173e-14
4 0 3 5.7592560645147e-14
4 0 3 5.561716093664e-14
4 0 3 5.5587565712262e-14
4 0 3 5.5573704185496e-14
4 0 3 5.5542810964403e-14
4 0 3 4.157215129043e-14
4 0 3 4.1563193094805e-14
4 0 3 4.1540629834811e-14
4 0 3 4.1523589683671e-14
4 0 3 3.9007407218982e-14
4 0 3 3.8975649914963e-14
4 0 3 3.8948098737798e-14
4 0 3 3.8933525454112e-14
4 0 3 3.4309134420456e-14
4 0 3 3.4295826074849e-14
4 0 3 3.4283806392895e-14
4 0 3 3.4273744111914e-14
4 0 3 3.038021498883e-14
4 0 3 3.036727343706e-14
4 0 3 3.0357956007514e-14
4 0 3 3.0341074651759e-14
4 0 3 2.4681039260736e-14
4 0 3 2.4675937613574e-14
4 0 3 2.4656123189511e-14
4 0 3 2.4650217876495e-14
4 0 3 1.7923809476136e-14
4 0 3 1.791235277718e-14
4 0 3 1.7903272614724e-14
4 0 3 1.7887410268287e-14
4 0 3 1.6427753485817e-14
4 0 3 1.6420537503875e-14
4 0 3 1.6413631444343e-14
4 0 3 1.6405688571065e-14
4 0 3 1.3233354672439e-14
4 0 3 1.3228326417717e-14
4 0 3 1.3218267863565e-14
4 0 3 1.3211300937766e-14
4 0 3 7.6811754552895e-15
4 0 3 7.6746843936069e-15
4 0 3 7.6714821256038e-15
4 0 3 7.6630031630874e-15
4 0 3 6.8836426050786e-15
4 0 3 6.8791269957709e-15
4 0 3 6.8748026131951e-15
4 0 3 6.8674248277331e-15
4 0 3 5.1353273999272e-15
4 0 3 5.1305370664656e-15
4 0 3 5.1266838005586e-15
4 0 3 5.1223661212484e-15
4 0 3 3.5912928547289e-15
4 0 3 3.5867760610394e-15
4 0 3 3.5818918122999e-15
4 0 3 3.5781395721931e-15
4 0 3 1.7465684195633e-15
4 0 3 1.743783064417e-15
4 0 3 1.742062907464e-15
4 0 3 1.7387645070773e-15
4 0 3 1.248151426657e-15
4 0 3 1.2471404301681e-15
4 0 3 1.2451578321798e-15
4 0 3 1.2420162679939e-15
4 0 3 8.0510201848989e-16
4 0 3 8.039037620918e-16
4 0 3 8.0149708539946e-16
4 0 3 7.979043451664e-16
4 0 3 1.9340575699786e-16
4 0 3 1.9293812979653e-16
4 0 3 1.9170398364948e-16
4 0 3 1.9122407807061e-16
4 0 3 1.3310353390279e-16
4 0 3 1.3287574802046e-16
4 0 3 1.3191277183738e-16
4 0 3 1.3153586569199e-16
4 0 3 1.0578427563556e-16
4 0 3 1.0478896041651e-16
4 0 3 1.0429717626058e-16
4 0 3 1.0301002268942e-16
4 0 3 2.6493996626269e-17
4 0 3 2.6293963038186e-17
4 0 3 2.6133653966007e-17
4 0 3 2.5952522637554e-17
4 0 3 1.8873600052807e-17
4 0 3 1.8840533769621e-17
4 0 3 1.8666268914961e-17
4 0 3 1.8387943279769e-17
4 0 3 1.5285227091227e-17
4 0 3 1.5100542506028e-17
4 0 3 1.492919814413e-17
4 0 3 1.4901849868968e-17
4 0 3 1.1406900400388e-17
4 0 3 1.113997496919e-17
4 0 3 1.1048354032165e-17
4 0 3 1.0937284243605e-17
4 0 3 6.1866939216756e-18
4 0 3 6.1409606756039e-18
4 0 3 5.9856387296601e-18
4 0 3 5.9110134485097e-18
4 0 3 5.4439925917979e-18
4 0 3 5.341461422845e-18
4 0 3 5.2604965913306e-18
4 0 3 5.1205764056777e-18
4 0 3 4.226977904988e-18
4 0 3 4.101557162364e-18
4 0 3 4.0420792174839e-18
4 0 3 3.9458067899194e-18
4 0 3 2.5794180995246e-18
4 0 3 2.4855726114669e-18
4 0 3 2.4584624854062e-18
4 0 3 2.3131095585138e-18
4 0 3 1.4215957284174e-18
4 0 3 1.3406890743706e-18
4 0 3 1.254685724891e-18
4 0 3 1.2235561960227e-18
4 0 3 1.0499156922569e-18
4 0 3 9.9078277538832e-19
4 0 3 9.4338736288771e-19
4 0 3 9.1940901097923e-19
4 0 3 8.481650571042e-19
4 0 3 8.0174006506727e-19
4 0 3 7.6331180323105e-19
4 0 3 7.0802381174839e-19
4 0 3 6.2307726592575e-19
4 0 3 5.7794346573351e-19
4 0 3 5.1622575420433e-19
4 0 3 4.8573841722345e-19
4 0 3 4.0989586750079e-19
4 0 3 3.8783713671324e-19
4 0 3 3.5479108409553e-19
4 0 3 3.3916944136351e-19
4 0 3 2.6914714771353e-19
4 0 3 2.4387068780908e-19
4 0 3 2.1548011735178e-19
4 0 3 1.9445016815045e-19
4 0 3 1.5701990173423e-19
4 0 3 1.1675179893692e-19
4 0 3 9.5543465543542e-20
4 0 3 6.4368876433352e-20
4 0 3 3.9674823163717e-20
4 0 3 -3.383479189158e-21
4 0 3 -2.4484461894523e-20
4 0 3 -4.6358623312292e-20
4 0 3 -8.1954076776362e-20
4 0 3 -1.0665281397372e-19
4 0 3 -1.7824193105182e-19
4 0 3 -1.9911262643069e-19
4 1 0 0.0027503647065714
4 1 0 0.0027503646746986
4 1 0 0.0027503646591771
4 1 0 0.0027503646079571
4 1 0 0.0024428844410024
4 1 0 0.0024428844068997
4 1 0 0.0024428843825022
4 1 0 0.0024428843436287
4 1 0 0.0021357943518879
4 1 0 0.0021357943129928
4 1 0 0.0021357943023689
4 1 0 0.0021357942783554
4 1 0 0.0018222950816266
4 1 0 0.0018222950683792
4 1 0 0.0018222950605674
4 1 0 0.0018222950269994
4 1 0 0.0015536752061545
4 1 0 0.0015536751624139
4 1 0 0.0015536751587385
4 1 0 0.0015536751294285
4 1 0 0.0014747867453606
4 1 0 0.0014747867340676
4 1 0 0.0014747867241218
4 1 0 0.001474786706391
4 1 0 0.0013783908471434
4 1 0 0.0013783908235348
4 1 0 0.0013783908111343
4 1 0 0.001378390796463
4 1 0 0.0010861208851293
4 1 0 0.0010861208772528
4 1 0 0.0010861208630503
4 1 0 0.001086120857652
4 1 0 0.00084516735898626
4 1 0 0.00084516734754027
4 1 0 0.00084516732269983
4 1 0 0.00084516731974461
4 1 0 0.00066992991264367
4 1 0 0.0006699298950592
4 1 0 0.00066992989050256
4 1 0 0.00066992988384951
4 1 0 5.0424672354286e-13
4 1 0 5.0411404049827e-13
4 1 0 5.0402855940431e-13
4 1 0 5.0398408334303e-13
4 1 0 3.8097125934046e-13
4 1 0 3.8064547864682e-13
4 1 0 3.8055493947922e-13
4 1 0 3.8048678894421e-13
4 1 0 3.5067472725123e-13
4 1 0 3.5035533965174e-13
4 1 0 3.5023268871558e-13
4 1 0 3.5006204973865e-13
4 1 0 2.7252932872709e-13
4 1 0 2.7251020782278e-13
4 1 0 2.7243147449223e-13
4 1 0 2.7226955769303e-13
4 1 0 2.4117527798016e-13
4 1 0 2.4113438262144e-13
4 1 0 2.4104636205681e-13
4 1 0 2.4098887136747e-13
4 1 0 1.9383816962868e-13
4 1 0 1.9375254485572e-13
4 1 0 1.9370692027998e-13
4 1 0 1.936464795879e-13
4 1 0 1.7024746745569e-13
4 1 0 1.7019997422491e-13
4 1 0 1.701675295059e-13
4 1 0 1.7007703793158e-13
4 1 0 1.4786853094311e-13
4 1 0 1.4783400035777e-13
4 1 0 1.4778537157676e-13
4 1 0 1.4773235312607e-13
4 1 0 1.3528927890847e-13
4 1 0 1.3519826352809e-13
4 1 0 1.3516058975432e-13
4 1 0 1.350991803908e-13
4 1 0 1.0362035329314e-13
4 1 0 1.0359272242865e-13
4 1 0 1.0357537870456e-13
4 1 0 1.0354633279918e-13
4 1 0 8.8049210660918e-14
4 1 0 8.8028936529572e-14
4 1 0 8.7976515579334e-14
4 1 0 8.790963170275e-14
4 1 0 7.2568485356829e-14
4 1 0 7.255157306523e-14
4 1 0 7.253192452707e-14
4 1 0 7.2506255655665e-14
4 1 0 6.3367527479139e-14
4 1 0 6.3337101652664e-14
4 1 0 6.332590129075e-14
4 1 0 6.3292345582887e-14
4 1 0 5.7657964277737e-14
4 1 0 5.765247155381e-14
4 1 0 5.7620244374417e-14
4 1 0 5.7589661594719e-14
4 1 0 5.558919925032e-14
4 1 0 5.5576261448191e-14
4 1 0 5.5543543822001e-14
4 1 0 5.5529341279371e-14
4 1 0 4.1576580653618e-14
4 1 0 4.1561383892909e-14
4 1 0 4.1528304539422e-14
4 1 0 4.1509634430077e-14
4 1 0 3.9010534958209e-14
4 1 0 3.8979213992e-14
4 1 0 3.8963351916466e-14
4 1 0 3.8935491377195e-14
4 1 0 3.4314951484484e-14
4 1 0 3.4298432551247e-14
4 1 0 3.4286056987675e-14
4 1 0 3.4268136745486e-14
4 1 0 3.0381887145315e-14
4 1 0 3.0369722082199e-14
4 1 0 3.0354801395486e-14
4 1 0 3.0342244088174e-14
4 1 0 2.4693456307999e-14
4 1 0 2.4673911974698e-14
4 1 0 2.4665657656709e-14
4 1 0 2.4647752594501e-14
4 1 0 1.7915417275228e-14
4 1 0 1.7907646763133e-14
4 1 0 1.7900297029802e-14
4 1 0 1.7889731604883e-14
4 1 0 1.6438025051645e-14
4 1 0 1.6426523812268e-14
4 1 0 1.6419922967667e-14
4 1 0 1.6412465146574e-14
4 1 0 1.3225735215943e-14
4 1 0 1.3221234933593e-14
4 1 0 1.3214807784973e-14
4 1 0 1.32104920486e-14
4 1 0 7.6804446312098e-15
4 1 0 7.676990747892e-15
4 1 0 7.6691943681438e-15
4 1 0 7.665013358952e-15
4 1 0 6.8849803987919e-15
4 1 0 6.8812145082973e-15
4 1 0 6.8732833186596e-15
4 1 0 6.8675798054022e-15
4 1 0 5.1379501089236e-15
4 1 0 5.1341289196153e-15
4 1 0 5.1305177004718e-15
4 1 0 5.122637188771e-15
4 1 0 3.5925183166607e-15
4 1 0 3.5867432905916e-15
4 1 0 3.5842376946214e-15
4 1 0 3.5805469556814e-15
4 1 0 1.7458521809786e-15
4 1 0 1.7429325589031e-15
4 1 0 1.7420390811631e-15
4 1 0 1.7399991696702e-15
4 1 0 1.2483205174813e-15
4 1 0 1.2466590978521e-15
4 1 0 1.2456027527445e-15
4 1 0 1.2422967815288e-15
4 1 0 8.04506473013e-16
4 1 0 8.0282637997534e-16
4 1 0 8.0198212065175e-16
4 1 0 7.9929945378294e-16
4 1 0 1.9301552635105e-16
4 1 0 1.92697614462e-16
4 1 0 1.9182768651892e-16
4 1 0 1.9083642924583e-16
4 1 0 1.3306225030512e-16
4 1 0 1.3206368513231e-16
4 1 0 1.3184919683125e-16
4 1 0 1.3149375713156e-16
4 1 0 1.0568732782292e-16
4 1 0 1.0525673502743e-16
4 1 0 1.0445899483656e-16
4 1 0 1.0309195649294e-16
4 1 0 2.6704110406567e-17
4 1 0 2.6510251497985e-17
4 1 0 2.6241300959602e-17
4 1 0 2.6110463209199e-17
4 1 0 1.8894654399617e-17
4 1 0 1.8752345133087e-17
4 1 0 1.8602522200648e-17
4 1 0 1.8376581544429e-17
4 1 0 1.5269290421245e-17
4 1 0 1.5021459452751e-17
4 1 0 1.4937732756301e-17
4 1 0 1.4809247764847e-17
4 1 0 1.1312360594123e-17
4 1 0 1.1184863218852e-17
4 1 0 1.1064577967808e-17
4 1 0 1.0934335255361e-17
4 1 0 6.162301004823e-18
4 1 0 6.0579486485971e-18
4 1 0 5.9783232068248e-18
4 1 0 5.8636515807361e-18
4 1 0 5.4824685463549e-18
4 1 0 5.3022361136211e-18
4 1 0 5.2398199305019e-18
4 1 0 5.1686541423622e-18
4 1 0 4.1967687183475e-18
4 1 0 4.0807292134744e-18
4 1 0 3.989395206224e-18
4 1 0 3.8935843342131e-18
4 1 0 2.5753408908026e-18
4 1 0 2.503222626159e-18
4 1 0 2.487539926295e-18
4 1 0 2.3894321467145e-18
4 1 0 1.4235477451626e-18
4 1 0 1.3597955966459e-18
4 1 0 1.2893627265936e-18
4 1 0 1.1759654940179e-18
4 1 0 1.0318678625888e-18
4 1 0 1.0051990421183e-18
4 1 0 9.4068663270709e-19
4 1 0 9.2483725816344e-19
4 1 0 8.5320435514155e-19
4 1 0 8.2408643065166e-19
4 1 0 7.7548783007767e-19
4 1 0 7.2724201268401e-19
4 1 0 6.5476685790173e-19
4 1 0 5.7694185585288e-19
4 1 0 5.0450852429664e-19
4 1 0 4.5559938254584e-19
4 1 0 4.1462982776673e-19
4 1 0 3.4701082897179e-19
4 1 0 3.2737450691165e-19
4 1 0 3.1051998419258e-19
4 1 0 2.6349172590355e-19
4 1 0 2.3980097233614e-19
4 1 0 2.1366119624665e-19
4 1 0 1.9017903926275e-19
4 1 0 1.4168141581078e-19
4 1 0 1.2109137707555e-19
4 1 0 1.0575136826296e-19
4 1 0 7.1766299441521e-20
4 1 0 4.5995451654842e-20
4 1 0 2.3383296287385e-20
4 1 0 -1.9476392189302e-20
4 1 0 -6.5439161407962e-20
4 1 0 -9.5220693000183e-20
4 1 0 -1.1588076246445e-19
4 1 0 -2.118651892424e-19
4 1 0 -2.9357882665988e-19
4 1 1 0.0024946906451958
4 1 1 0.0024946906107306
4 1 1 0.002494690586902
4 1 1 0.0024946905580114
4 1 1 0.0022279614582225
4 1 1 0.0022279614292354
4 1 1 0.0022279614232319
4 1 1 0.0022279613947645
4 1 1 0.0019779006927028
4 1 1 0.0019779006715196
4 1 1 0.0019779006557788
4 1 1 0.0019779006272063
4 1 1 0.0016699167293641
4 1 1 0.0016699166953624
4 1 1 0.0016699166656173
4 1 1 0.0016699166423858
4 1 1 0.001585060487316
4 1 1 0.0015850604585554
4 1 1 0.0015850604394848
4 1 1 0.0015850604291694
4 1 1 0.0014381518283475
4 1 1 0.0014381518069134
4 1 1 0.0014381517927064
4 1 1 0.0014381517749949
4 1 1 0.0012383766774403
4 1 1 0.0012383766666194
4 1 1 0.0012383766550998
4 1 1 0.0012383766409172
4 1 1 0.0010632831861116
4 1 1 0.0010632831666442
4 1 1 0.0010632831619598
4 1 1 0.0010632831550684
4 1 1 0.00085528104601518
4 1 1 0.00085528104036188
4 1 1 0.00085528103181692
4 1 1 0.0008552810053199
4 1 1 0.00064343287998353
4 1 1 0.00064343287387542
4 1 1 0.0006434328666273
4 1 1 0.00064343285900036
4 1 1 5.7257857299164e-13
4 1 1 5.7235199888179e-13
4 1 1 5.7216846525201e-13
4 1 1 5.7191058649775e-13
4 1 1 3.5104322921957e-13
4 1 1 3.5080076820067e-13
4 1 1 3.506545228267e-13
4 1 1 3.505391516923e-13
4 1 1 2.9674400330805e-13
4 1 1 2.9668234445037e-13
4 1 1 2.9648479329492e-13
4 1 1 2.9640746113804e-13
4 1 1 2.7366883768492e-13
4 1 1 2.7356010694315e-13
4 1 1 2.7347071747291e-13
4 1 1 2.7334601405195e-13
4 1 1 2.4239573429405e-13
4 1 1 2.4226873207034e-13
4 1 1 2.4223699299777e-13
4 1 1 2.4213901559286e-13
4 1 1 2.115288459087e-13
4 1 1 2.1142893401646e-13
4 1 1 2.1138019004037e-13
4 1 1 2.1132885720134e-13
4 1 1 1.8436979839129e-13
4 1 1 1.8432403640793e-13
4 1 1 1.8431021489359e-13
4 1 1 1.8421589638956e-13
4 1 1 1.6195858214493e-13
4 1 1 1.6191709510578e-13
4 1 1 1.6187584020512e-13
4 1 1 1.6182139202915e-13
4 1 1 1.3265997800306e-13
4 1 1 1.3255068863173e-13
4 1 1 1.3254877511644e-13
4 1 1 1.324299702939e-13
4 1 1 1.0794873600307e-13
4 1 1 1.0790724450613e-13
4 1 1 1.0786666478076e-13
4 1 1 1.0782321492504e-13
4 1 1 9.3859178729527e-14
4 1 1 9.384064915612e-14
4 1 1 9.3801536775171e-14
4 1 1 9.3743064934546e-14
4 1 1 8.6447110562174e-14
4 1 1 8.6398482854395e-14
4 1 1 8.6371075870065e-14
4 1 1 8.6333148579777e-14
4 1 1 6.5274451148082e-14
4 1 1 6.5259499552016e-14
4 1 1 6.5223664930578e-14
4 1 1 6.5208088827956e-14
4 1 1 5.9324556435382e-14
4 1 1 5.9303377017331e-14
4 1 1 5.9277461859813e-14
4 1 1 5.9250987197947e-14
4 1 1 5.3544155647612e-14
4 1 1 5.3530760605746e-14
4 1 1 5.3496514470525e-14
4 1 1 5.3482906471305e-14
4 1 1 5.1240518077967e-14
4 1 1 5.1222905225784e-14
4 1 1 5.1206251726709e-14
4 1 1 5.1183966956982e-14
4 1 1 3.9840623004714e-14
4 1 1 3.9832816243438e-14
4 1 1 3.9811903552315e-14
4 1 1 3.9782127315682e-14
4 1 1 3.6564495188761e-14
4 1 1 3.6554316672202e-14
4 1 1 3.653987602517e-14
4 1 1 3.6522993916604e-14
4 1 1 2.9689557102653e-14
4 1 1 2.9678348861528e-14
4 1 1 2.9669659588172e-14
4 1 1 2.9662402440578e-14
4 1 1 2.3143300845395e-14
4 1 1 2.3123696180956e-14
4 1 1 2.3114172963032e-14
4 1 1 2.3101807151097e-14
4 1 1 2.0489347274997e-14
4 1 1 2.0482036182114e-14
4 1 1 2.0474196150995e-14
4 1 1 2.0468179692429e-14
4 1 1 1.5853338736361e-14
4 1 1 1.5846437530724e-14
4 1 1 1.5839998523745e-14
4 1 1 1.5835054543922e-14
4 1 1 1.3617311338086e-14
4 1 1 1.3604814999731e-14
4 1 1 1.3599719445588e-14
4 1 1 1.3591212929864e-14
4 1 1 1.0265718377533e-14
4 1 1 1.0263433496917e-14
4 1 1 1.0255198057178e-14
4 1 1 1.0248707158086e-14
4 1 1 8.1154389400688e-15
4 1 1 8.1083039605599e-15
4 1 1 8.1025389622001e-15
4 1 1 8.0932966058799e-15
4 1 1 7.0022059664161e-15
4 1 1 6.9955132573536e-15
4 1 1 6.9886439686992e-15
4 1 1 6.9867006713868e-15
4 1 1 3.3907148128804e-15
4 1 1 3.3878411436071e-15
4 1 1 3.3833910066217e-15
4 1 1 3.3812561271645e-15
4 1 1 2.531260784799e-15
4 1 1 2.5271616147055e-15
4 1 1 2.5237425443362e-15
4 1 1 2.5217791624549e-15
4 1 1 1.7006316601287e-15
4 1 1 1.6979368046546e-15
4 1 1 1.6969931231739e-15
4 1 1 1.6944796812269e-15
4 1 1 7.2034345308399e-16
4 1 1 7.1797415324686e-16
4 1 1 7.1707136786598e-16
4 1 1 7.1495688404219e-16
4 1 1 3.8084337945467e-16
4 1 1 3.798246786683e-16
4 1 1 3.7915621515619e-16
4 1 1 3.7766132471736e-16
4 1 1 1.3087127310334e-16
4 1 1 1.3032677761178e-16
4 1 1 1.2986639172522e-16
4 1 1 1.2962434351514e-16
4 1 1 1.1021849800409e-16
4 1 1 1.09848451936e-16
4 1 1 1.0925308847101e-16
4 1 1 1.0873386714479e-16
4 1 1 3.2100412603861e-17
4 1 1 3.1998368897221e-17
4 1 1 3.1739616314497e-17
4 1 1 3.1467502110697e-17
4 1 1 2.0329444932055e-17
4 1 1 2.0161348285544e-17
4 1 1 2.0042311248685e-17
4 1 1 1.9919285734709e-17
4 1 1 1.5426226175119e-17
4 1 1 1.5191604960951e-17
4 1 1 1.5054463986975e-17
4 1 1 1.4965282015442e-17
4 1 1 1.0171720105469e-17
4 1 1 1.0030131152215e-17
4 1 1 9.9960933264212e-18
4 1 1 9.8506424957301e-18
4 1 1 7.0607204083506e-18
4 1 1 6.886983212852e-18
4 1 1 6.8416602260479e-18
4 1 1 6.7568107804047e-18
4 1 1 6.4511465264486e-18
4 1 1 6.3180853159766e-18
4 1 1 6.2704323342629e-18
4 1 1 6.1821939535254e-18
4 1 1 3.2888972495772e-18
4 1 1 3.22906033248e-18
4 1 1 3.1558615984561e-18
4 1 1 3.0760357484165e-18
4 1 1 2.8116598905832e-18
4 1 1 2.6821434569693e-18
4 1 1 2.6668352032745e-18
4 1 1 2.5913153317477e-18
4 1 1 2.1983804966519e-18
4 1 1 2.1341413841712e-18
4 1 1 2.0603159683302e-18
4 1 1 2.0010095364715e-18
4 1 1 1.0368537398485e-18
4 1 1 1.0070903596858e-18
4 1 1 9.666388128002e-19
4 1 1 9.4096329097431e-19
4 1 1 8.041066818495e-19
4 1 1 7.6706833639723e-19
4 1 1 7.3833364954248e-19
4 1 1 6.9231365300397e-19
4 1 1 6.5965865154998e-19
4 1 1 6.214661588996e-19
4 1 1 5.8303745078649e-19
4 1 1 5.2462880101961e-19
4 1 1 4.750400026009e-19
4 1 1 4.2605443799192e-19
4 1 1 4.0354041708493e-19
4 1 1 3.2707576649409e-19
4 1 1 3.0819777103549e-19
4 1 1 2.7700257108329e-19
4 1 1 2.4766307193173e-19
4 1 1 2.1095596397243e-19
4 1 1 1.8674136609016e-19
4 1 1 1.4954257763562e-19
4 1 1 1.3204493715266e-19
4 1 1 1.0882110728132e-19
4 1 1 9.9715670638905e-20
4 1 1 6.8427892356939e-20
4 1 1 1.3753045710707e-20
4 1 1 5.4572741755436e-21
4 1 1 -3.0254658260578e-20
4 1 1 -6.6209443270094e-20
4 1 1 -9.7126154992839e-20
4 1 1 -1.7640681095919e-19
4 1 2 0.0024930624151084
4 1 2 0.0024930624032135
4 1 2 0.0024930623973772
4 1 2 0.0024930623749987
4 1 2 0.0021819206695386
4 1 2 0.002181920637709
4 1 2 0.0021819206203145
4 1 2 0.0021819205675513
4 1 2 0.001858551315598
4 1 2 0.0018585512906737
4 1 2 0.0018585512634215
4 1 2 0.0018585512389308
4 1 2 0.001641675688658
4 1 2 0.0016416756748187
4 1 2 0.0016416756547045
4 1 2 0.0016416756463431
4 1 2 0.001569478355226
4 1 2 0.0015694783310508
4 1 2 0.001569478323637
4 1 2 0.0015694783108993
4 1 2 0.0013596016566158
4 1 2 0.0013596016408066
4 1 2 0.0013596016361669
4 1 2 0.0013596016097553
4 1 2 0.0010945775139072
4 1 2 0.001094577505858
4 1 2 0.0010945774849401
4 1 2 0.001094577471531
4 1 2 0.00082736379976368
4 1 2 0.00082736379325054
4 1 2 0.00082736378212905
4 1 2 0.00082736376727115
4 1 2 0.00057846419755781
4 1 2 0.00057846418899976
4 1 2 0.00057846418241466
4 1 2 0.0005784641737632
4 1 2 0.00056121465722044
4 1 2 0.000561214651201
4 1 2 0.00056121464274456
4 1 2 0.00056121463288551
4 1 2 4.108997021861e-13
4 1 2 4.1078540215232e-13
4 1 2 4.1075326220899e-13
4 1 2 4.1065394942182e-13
4 1 2 3.7895353467254e-13
4 1 2 3.7889423550012e-13
4 1 2 3.7874299041457e-13
4 1 2 3.7866799088567e-13
4 1 2 3.0911738519061e-13
4 1 2 3.0905260319388e-13
4 1 2 3.0892276992898e-13
4 1 2 3.0881628017906e-13
4 1 2 2.992167877909e-13
4 1 2 2.9917172822399e-13
4 1 2 2.9907626683623e-13
4 1 2 2.9901974719077e-13
4 1 2 2.4046064728535e-13
4 1 2 2.404229550941e-13
4 1 2 2.4034167306959e-13
4 1 2 2.4026371340374e-13
4 1 2 2.1649198962724e-13
4 1 2 2.1641060758084e-13
4 1 2 2.1636645333975e-13
4 1 2 2.162816194079e-13
4 1 2 1.8088016148223e-13
4 1 2 1.8082075599221e-13
4 1 2 1.8073282520733e-13
4 1 2 1.8068236252263e-13
4 1 2 1.398422081568e-13
4 1 2 1.3979885720094e-13
4 1 2 1.3976929966629e-13
4 1 2 1.3971935024484e-13
4 1 2 1.3463378295802e-13
4 1 2 1.3461469906162e-13
4 1 2 1.3452281347264e-13
4 1 2 1.3448359476216e-13
4 1 2 1.1795106675813e-13
4 1 2 1.1787644065267e-13
4 1 2 1.1784333624683e-13
4 1 2 1.177921492333e-13
4 1 2 9.7034549336847e-14
4 1 2 9.6980987346497e-14
4 1 2 9.6942791143168e-14
4 1 2 9.6921260135448e-14
4 1 2 8.5251725582429e-14
4 1 2 8.5221822530471e-14
4 1 2 8.5185987789952e-14
4 1 2 8.5154963338061e-14
4 1 2 7.3383959944173e-14
4 1 2 7.3312007246233e-14
4 1 2 7.3272936249636e-14
4 1 2 7.3126591594523e-14
4 1 2 6.4045515952311e-14
4 1 2 6.4025945378948e-14
4 1 2 6.3992138590683e-14
4 1 2 6.3979033747426e-14
4 1 2 5.6910147397714e-14
4 1 2 5.6858540120318e-14
4 1 2 5.6845553399794e-14
4 1 2 5.6814985467304e-14
4 1 2 5.2934874903886e-14
4 1 2 5.2888593916586e-14
4 1 2 5.2872982997447e-14
4 1 2 5.2855883414958e-14
4 1 2 4.8577470945565e-14
4 1 2 4.8552860113231e-14
4 1 2 4.8536499863014e-14
4 1 2 4.852703956848e-14
4 1 2 4.0714603466491e-14
4 1 2 4.0704218287545e-14
4 1 2 4.0671626222961e-14
4 1 2 4.0654507515213e-14
4 1 2 3.5526444827514e-14
4 1 2 3.5509972859076e-14
4 1 2 3.5489003404947e-14
4 1 2 3.5478699328501e-14
4 1 2 2.9543691806362e-14
4 1 2 2.9530387829622e-14
4 1 2 2.9525777488926e-14
4 1 2 2.9515297743251e-14
4 1 2 2.7990723328511e-14
4 1 2 2.798276505833e-14
4 1 2 2.7955602967753e-14
4 1 2 2.7941107300553e-14
4 1 2 2.5027672182546e-14
4 1 2 2.5015409977219e-14
4 1 2 2.5010629598922e-14
4 1 2 2.4984338113066e-14
4 1 2 2.0841645028698e-14
4 1 2 2.0832770499678e-14
4 1 2 2.0817770284688e-14
4 1 2 2.0813865811004e-14
4 1 2 1.6222444881519e-14
4 1 2 1.6219536850621e-14
4 1 2 1.6212538843256e-14
4 1 2 1.6191802313192e-14
4 1 2 1.1433079144885e-14
4 1 2 1.1419687751253e-14
4 1 2 1.1413636547959e-14
4 1 2 1.1404462616454e-14
4 1 2 6.794024207523e-15
4 1 2 6.7931136056104e-15
4 1 2 6.781336288881e-15
4 1 2 6.7757344690246e-15
4 1 2 5.5642797411046e-15
4 1 2 5.5603178982635e-15
4 1 2 5.5545605378837e-15
4 1 2 5.5519025991314e-15
4 1 2 4.2187852952569e-15
4 1 2 4.2166622244309e-15
4 1 2 4.2145364547771e-15
4 1 2 4.2108751084245e-15
4 1 2 2.856075575283e-15
4 1 2 2.8515327198198e-15
4 1 2 2.8465672296339e-15
4 1 2 2.84111282803e-15
4 1 2 8.1989617853133e-16
4 1 2 8.1765076089211e-16
4 1 2 8.1628082051677e-16
4 1 2 8.1397432520069e-16
4 1 2 3.6900236565446e-16
4 1 2 3.6809877584495e-16
4 1 2 3.6740081782171e-16
4 1 2 3.6711206175064e-16
4 1 2 1.0888133355173e-16
4 1 2 1.0842150953918e-16
4 1 2 1.0780718504817e-16
4 1 2 1.0726522092299e-16
4 1 2 6.1359544206263e-17
4 1 2 6.1047127884022e-17
4 1 2 6.0748894516439e-17
4 1 2 6.0352152011658e-17
4 1 2 2.2859593286803e-17
4 1 2 2.2757225171878e-17
4 1 2 2.2659458775214e-17
4 1 2 2.2435825294133e-17
4 1 2 1.4202371451802e-17
4 1 2 1.4013550868959e-17
4 1 2 1.3786221189262e-17
4 1 2 1.365010619976e-17
4 1 2 1.0171057213382e-17
4 1 2 9.9935345857369e-18
4 1 2 9.8701733051952e-18
4 1 2 9.713323591734e-18
4 1 2 8.7061600940827e-18
4 1 2 8.6586583631482e-18
4 1 2 8.5382423461069e-18
4 1 2 8.4606927321951e-18
4 1 2 5.6450826524385e-18
4 1 2 5.5257819038472e-18
4 1 2 5.4425135551521e-18
4 1 2 5.4133335655044e-18
4 1 2 4.67250228225e-18
4 1 2 4.6113889808784e-18
4 1 2 4.5411313162421e-18
4 1 2 4.474434754309e-18
4 1 2 3.3955598515837e-18
4 1 2 3.3770534148025e-18
4 1 2 3.3099691154877e-18
4 1 2 3.278929827824e-18
4 1 2 2.16665389023e-18
4 1 2 2.0130110728877e-18
4 1 2 1.9625182277867e-18
4 1 2 1.8832919653536e-18
4 1 2 1.283580713718e-18
4 1 2 1.2302118386122e-18
4 1 2 1.2057071051173e-18
4 1 2 1.0923086852457e-18
4 1 2 8.4552069167339e-19
4 1 2 8.3505648592504e-19
4 1 2 7.4921558281394e-19
4 1 2 6.7677970002586e-19
4 1 2 6.3688109592644e-19
4 1 2 6.0177229204446e-19
4 1 2 5.591890643493e-19
4 1 2 5.1473413202197e-19
4 1 2 5.0313687668752e-19
4 1 2 4.6499195583121e-19
4 1 2 4.2807229757463e-19
4 1 2 4.1107962667167e-19
4 1 2 3.4679586143896e-19
4 1 2 3.377967675924e-19
4 1 2 3.1723280152298e-19
4 1 2 2.8842606223232e-19
4 1 2 2.6864818185172e-19
4 1 2 2.4165405237888e-19
4 1 2 2.1001571837868e-19
4 1 2 1.8461318034397e-19
4 1 2 1.6225828391483e-19
4 1 2 1.5220604389305e-19
4 1 2 1.2498910728874e-19
4 1 2 1.0531311529284e-19
4 1 2 7.4190247100089e-20
4 1 2 5.8171678811433e-20
4 1 2 2.0546740165444e-20
4 1 2 1.2848651910291e-20
4 1 2 -5.1779023796536e-20
4 1 2 -6.7581264353105e-20
4 1 2 -1.1009485637564e-19
4 1 2 -2.1142580741575e-19
4 1 3 0.0024946906383639
4 1 3 0.0024946906149209
4 1 3 0.0024946905818699
4 1 3 0.0024946905677858
4 1 3 0.0022279614659686
4 1 3 0.0022279614313192
4 1 3 0.0022279614040737
4 1 3 0.0022279613888128
4 1 3 0.0019779006978876
4 1 3 0.0019779006758186
4 1 3 0.0019779006611582
4 1 3 0.0019779006218615
4 1 3 0.0016699167310276
4 1 3 0.0016699167086787
4 1 3 0.0016699166945219
4 1 3 0.0016699166652959
4 1 3 0.0015850604677783
4 1 3 0.0015850604562522
4 1 3 0.0015850604457636
4 1 3 0.0015850604190633
4 1 3 0.0014381518304398
4 1 3 0.0014381518067277
4 1 3 0.0014381517993702
4 1 3 0.0014381517878986
4 1 3 0.0012383766997747
4 1 3 0.0012383766665522
4 1 3 0.00123837665872
4 1 3 0.0012383766407338
4 1 3 0.0010632831794533
4 1 3 0.0010632831651956
4 1 3 0.0010632831608152
4 1 3 0.0010632831456558
4 1 3 0.000855281058451
4 1 3 0.00085528104595545
4 1 3 0.0008552810262324
4 1 3 0.00085528101947588
4 1 3 0.00064343288656324
4 1 3 0.00064343287070371
4 1 3 0.00064343286684173
4 1 3 0.00064343285521393
4 1 3 5.7265403915711e-13
4 1 3 5.7243031395149e-13
4 1 3 5.7215555081597e-13
4 1 3 5.7201416773524e-13
4 1 3 3.5094841304881e-13
4 1 3 3.5067079150515e-13
4 1 3 3.5062440671467e-13
4 1 3 3.5046422532712e-13
4 1 3 2.9663265233347e-13
4 1 3 2.9655709645148e-13
4 1 3 2.9653113518909e-13
4 1 3 2.96408216994e-13
4 1 3 2.736430646514e-13
4 1 3 2.7355943355606e-13
4 1 3 2.7345704560719e-13
4 1 3 2.7337076715396e-13
4 1 3 2.4230965670571e-13
4 1 3 2.4221234997946e-13
4 1 3 2.4218818578845e-13
4 1 3 2.4208630961588e-13
4 1 3 2.1155021005566e-13
4 1 3 2.1149745384976e-13
4 1 3 2.1140814641947e-13
4 1 3 2.1132784910054e-13
4 1 3 1.8439211096104e-13
4 1 3 1.8434797110507e-13
4 1 3 1.8427035071057e-13
4 1 3 1.8421156322893e-13
4 1 3 1.6196780271526e-13
4 1 3 1.6193741763259e-13
4 1 3 1.6190754649736e-13
4 1 3 1.6181918656944e-13
4 1 3 1.3267856000556e-13
4 1 3 1.3255472168178e-13
4 1 3 1.325162184093e-13
4 1 3 1.3246324885782e-13
4 1 3 1.079260289591e-13
4 1 3 1.078875610367e-13
4 1 3 1.0785763316698e-13
4 1 3 1.0782952476449e-13
4 1 3 9.3884126831e-14
4 1 3 9.3857245857651e-14
4 1 3 9.3822868488632e-14
4 1 3 9.3775968483751e-14
4 1 3 8.6438792362784e-14
4 1 3 8.6425509213205e-14
4 1 3 8.6386790225119e-14
4 1 3 8.6347584658418e-14
4 1 3 6.5265194794539e-14
4 1 3 6.5248728285786e-14
4 1 3 6.5226495504343e-14
4 1 3 6.5209094119675e-14
4 1 3 5.9327162263989e-14
4 1 3 5.930903465579e-14
4 1 3 5.9292324913949e-14
4 1 3 5.926394593158e-14
4 1 3 5.3519387172109e-14
4 1 3 5.3502962121307e-14
4 1 3 5.3487145404165e-14
4 1 3 5.3459225447503e-14
4 1 3 5.1219689288865e-14
4 1 3 5.1210804242537e-14
4 1 3 5.1192577476912e-14
4 1 3 5.1175027709595e-14
4 1 3 3.9851516817168e-14
4 1 3 3.983024835377e-14
4 1 3 3.98086374242e-14
4 1 3 3.9796270104288e-14
4 1 3 3.6582220917173e-14
4 1 3 3.6578321348676e-14
4 1 3 3.6553780653607e-14
4 1 3 3.652855615098e-14
4 1 3 2.9700777201312e-14
4 1 3 2.9689522610727e-14
4 1 3 2.9679139116284e-14
4 1 3 2.9663795146039e-14
4 1 3 2.3147203589292e-14
4 1 3 2.313083107273e-14
4 1 3 2.3122712043238e-14
4 1 3 2.3114917980954e-14
4 1 3 2.0506088120145e-14
4 1 3 2.0486057452096e-14
4 1 3 2.0478400164016e-14
4 1 3 2.0461509180555e-14
4 1 3 1.5857984419501e-14
4 1 3 1.5846483832101e-14
4 1 3 1.5840341700244e-14
4 1 3 1.5830988652425e-14
4 1 3 1.3609667936692e-14
4 1 3 1.3604178395152e-14
4 1 3 1.3596945368323e-14
4 1 3 1.3580964624508e-14
4 1 3 1.0265962479049e-14
4 1 3 1.0257958604148e-14
4 1 3 1.0253382411847e-14
4 1 3 1.0246961623869e-14
4 1 3 8.1131772569266e-15
4 1 3 8.1038122249633e-15
4 1 3 8.1009599405518e-15
4 1 3 8.0976887584501e-15
4 1 3 7.00317907105e-15
4 1 3 6.9986412171025e-15
4 1 3 6.99425093032e-15
4 1 3 6.9853231229892e-15
4 1 3 3.3921317299494e-15
4 1 3 3.3900199799419e-15
4 1 3 3.3834765987158e-15
4 1 3 3.3802883700346e-15
4 1 3 2.5301635574351e-15
4 1 3 2.528502519715e-15
4 1 3 2.5265931573326e-15
4 1 3 2.5205112310655e-15
4 1 3 1.7009101923439e-15
4 1 3 1.6984535277013e-15
4 1 3 1.695629588507e-15
4 1 3 1.694473670519e-15
4 1 3 7.1925953595413e-16
4 1 3 7.1799045196356e-16
4 1 3 7.1643843934591e-16
4 1 3 7.1492951012677e-16
4 1 3 3.8033568456104e-16
4 1 3 3.7998553185188e-16
4 1 3 3.7932555384052e-16
4 1 3 3.7735230150699e-16
4 1 3 1.3083799949404e-16
4 1 3 1.3015238383678e-16
4 1 3 1.2986383514923e-16
4 1 3 1.2937015989114e-16
4 1 3 1.1042002744885e-16
4 1 3 1.0971068025468e-16
4 1 3 1.0897234670992e-16
4 1 3 1.0860103557162e-16
4 1 3 3.2026160898479e-17
4 1 3 3.1867381136992e-17
4 1 3 3.169032183004e-17
4 1 3 3.1459950676076e-17
4 1 3 2.0214035174573e-17
4 1 3 2.0126380107029e-17
4 1 3 1.9952073684254e-17
4 1 3 1.9829612026464e-17
4 1 3 1.5473272443738e-17
4 1 3 1.5237298472941e-17
4 1 3 1.5155166871377e-17
4 1 3 1.496468718265e-17
4 1 3 1.021147926573e-17
4 1 3 1.004798800837e-17
4 1 3 9.9584609986006e-18
4 1 3 9.8728892325331e-18
4 1 3 7.026645127768e-18
4 1 3 6.9245748178491e-18
4 1 3 6.8798662439235e-18
4 1 3 6.7562750172845e-18
4 1 3 6.3614370333015e-18
4 1 3 6.3297876290489e-18
4 1 3 6.2800921608585e-18
4 1 3 6.1431775168511e-18
4 1 3 3.3384534408938e-18
4 1 3 3.2485090496116e-18
4 1 3 3.1818084565577e-18
4 1 3 3.1623466881799e-18
4 1 3 2.8171182537522e-18
4 1 3 2.7186971544656e-18
4 1 3 2.6850079304984e-18
4 1 3 2.562539004361e-18
4 1 3 2.1995877116951e-18
4 1 3 2.1241490723164e-18
4 1 3 2.094763448446e-18
4 1 3 1.9611510513462e-18
4 1 3 1.0765633025226e-18
4 1 3 9.7835209457831e-19
4 1 3 9.4158014461412e-19
4 1 3 8.6877050893253e-19
4 1 3 8.2230703409528e-19
4 1 3 7.7769038318342e-19
4 1 3 7.5526057332107e-19
4 1 3 7.1847922031533e-19
4 1 3 6.9152537210762e-19
4 1 3 6.3444968264192e-19
4 1 3 6.1429430113055e-19
4 1 3 5.4355172845441e-19
4 1 3 4.6343727517868e-19
4 1 3 4.3964136361124e-19
4 1 3 3.8017780679333e-19
4 1 3 3.5722561888997e-19
4 1 3 3.2157024160613e-19
4 1 3 2.6614817774563e-19
4 1 3 2.3564755281243e-19
4 1 3 2.0790373793862e-19
4 1 3 1.7245313624065e-19
4 1 3 1.4527414008298e-19
4 1 3 1.2762716502041e-19
4 1 3 1.0707577992289e-19
4 1 3 8.590351297912e-20
4 1 3 5.1770229618219e-20
4 1 3 3.5296369158905e-20
4 1 3 7.5188351782205e-21
4 1 3 -2.6434633465232e-20
4 1 3 -8.6780808062911e-20
4 1 3 -1.364049658718e-19
4 1 3 -1.5194984705855e-19
4 2 0 0.0027502920118371
4 2 0 0.0027502919849493
4 2 0 0.0027502919766651
4 2 0 0.0027502919398321
4 2 0 0.0024351015331005
4 2 0 0.0024351014928818
4 2 0 0.0024351014614124
4 2 0 0.0024351014449594
4 2 0 0.0020389374191824
4 2 0 0.0020389374002377
4 2 0 0.0020389373762998
4 2 0 0.0020389373390942
4 2 0 0.0016546653611751
4 2 0 0.0016546653509413
4 2 0 0.0016546653286544
4 2 0 0.001654665319737
4 2 0 0.0016102461673791
4 2 0 0.0016102461623429
4 2 0 0.0016102461441099
4 2 0 0.0016102461324358
4 2 0 0.0015552167701601
4 2 0 0.0015552167625892
4 2 0 0.0015552167367082
4 2 0 0.0015552167011245
4 2 0 0.0012606794431228
4 2 0 0.0012606794245279
4 2 0 0.0012606794120041
4 2 0 0.0012606794042297
4 2 0 0.0010391255657437
4 2 0 0.0010391255370497
4 2 0 0.0010391255274546
4 2 0 0.0010391255127359
4 2 0 0.00091523455172717
4 2 0 0.00091523453377402
4 2 0 0.00091523452854283
4 2 0 0.00091523451650138
4 2 0 0.00071480783855063
4 2 0 0.00071480782092096
4 2 0 0.00071480781750554
4 2 0 0.00071480779803212
4 2 0 0.00056025689524066
4 2 0 0.00056025688895063
4 2 0 0.00056025688508575
4 2 0 0.00056025686521635
4 2 0 3.4878499731307e-13
4 2 0 3.487202044152e-13
4 2 0 3.4867471300938e-13
4 2 0 3.485490181707e-13
4 2 0 3.133069843098e-13
4 2 0 3.1324061579521e-13
4 2 0 3.1317480342076e-13
4 2 0 3.1314198399768e-13
4 2 0 2.9914223414017e-13
4 2 0 2.9904520961198e-13
4 2 0 2.9899930472796e-13
4 2 0 2.9894387553601e-13
4 2 0 2.9599238090514e-13
4 2 0 2.9590839202749e-13
4 2 0 2.9586415543199e-13
4 2 0 2.9579988664777e-13
4 2 0 2.3843943309625e-13
4 2 0 2.3836782347852e-13
4 2 0 2.3833869438592e-13
4 2 0 2.3820440985082e-13
4 2 0 1.8856516190034e-13
4 2 0 1.8851742685151e-13
4 2 0 1.8847820179612e-13
4 2 0 1.88416655485e-13
4 2 0 1.5600423562677e-13
4 2 0 1.5591184586236e-13
4 2 0 1.5589554915526e-13
4 2 0 1.5584345711815e-13
4 2 0 1.3719689550243e-13
4 2 0 1.3716256564882e-13
4 2 0 1.3713768394391e-13
4 2 0 1.3706538083333e-13
4 2 0 1.1699136495716e-13
4 2 0 1.1695426746255e-13
4 2 0 1.1692474534815e-13
4 2 0 1.1688304667824e-13
4 2 0 1.1183620857401e-13
4 2 0 1.1181819529275e-13
4 2 0 1.1176812321413e-13
4 2 0 1.1172249051879e-13
4 2 0 8.2421202674288e-14
4 2 0 8.2389437287393e-14
4 2 0 8.2347873098797e-14
4 2 0 8.2318591691838e-14
4 2 0 7.2786798908068e-14
4 2 0 7.2698243267836e-14
4 2 0 7.2659543538273e-14
4 2 0 7.2563275781334e-14
4 2 0 7.1574023363391e-14
4 2 0 7.1561038214249e-14
4 2 0 7.1503198967193e-14
4 2 0 7.1480520746814e-14
4 2 0 6.9134472102831e-14
4 2 0 6.9114725347328e-14
4 2 0 6.9093273322384e-14
4 2 0 6.9066353354287e-14
4 2 0 6.1192547588186e-14
4 2 0 6.1159080598308e-14
4 2 0 6.1141053149268e-14
4 2 0 6.1128254513986e-14
4 2 0 5.0904773061901e-14
4 2 0 5.0884503621528e-14
4 2 0 5.0875110461467e-14
4 2 0 5.0854716188794e-14
4 2 0 3.8096425734134e-14
4 2 0 3.8082776236553e-14
4 2 0 3.8082080937593e-14
4 2 0 3.80757806224e-14
4 2 0 3.1379164646433e-14
4 2 0 3.136333712695e-14
4 2 0 3.1351958372521e-14
4 2 0 3.1336213801292e-14
4 2 0 2.7189901191805e-14
4 2 0 2.7167089408656e-14
4 2 0 2.7157747144001e-14
4 2 0 2.7143933507423e-14
4 2 0 2.3368476300725e-14
4 2 0 2.3357202658819e-14
4 2 0 2.3343513777261e-14
4 2 0 2.3336527125678e-14
4 2 0 1.8288442139746e-14
4 2 0 1.8281181343889e-14
4 2 0 1.8267141480123e-14
4 2 0 1.8263423152427e-14
4 2 0 1.6465283749445e-14
4 2 0 1.6457157135944e-14
4 2 0 1.6448481168029e-14
4 2 0 1.6428532884192e-14
4 2 0 1.1957640670135e-14
4 2 0 1.1954677311072e-14
4 2 0 1.1943382692495e-14
4 2 0 1.1938875833342e-14
4 2 0 1.0712901601615e-14
4 2 0 1.0707041777796e-14
4 2 0 1.0697240240908e-14
4 2 0 1.0690925840996e-14
4 2 0 8.9748893601599e-15
4 2 0 8.9666602709262e-15
4 2 0 8.9607622699072e-15
4 2 0 8.9572050716738e-15
4 2 0 7.16328755243e-15
4 2 0 7.1563233141066e-15
4 2 0 7.1538626902594e-15
4 2 0 7.1484568310168e-15
4 2 0 6.1908163979796e-15
4 2 0 6.186698622625e-15
4 2 0 6.1802136503907e-15
4 2 0 6.1749304210869e-15
4 2 0 3.2173540144137e-15
4 2 0 3.2137013603043e-15
4 2 0 3.2088265905086e-15
4 2 0 3.2072058826212e-15
4 2 0 3.0369610109602e-15
4 2 0 3.0336042545779e-15
4 2 0 3.0317339795059e-15
4 2 0 3.0277543453313e-15
4 2 0 1.0248068267336e-15
4 2 0 1.0223384192183e-15
4 2 0 1.0194066313864e-15
4 2 0 1.0178945498986e-15
4 2 0 1.9022637252861e-16
4 2 0 1.8914985505664e-16
4 2 0 1.8896139914002e-16
4 2 0 1.8794106466468e-16
4 2 0 1.2912146849492e-16
4 2 0 1.2875533487071e-16
4 2 0 1.2817935218802e-16
4 2 0 1.2794226163631e-16
4 2 0 5.7130180703195e-17
4 2 0 5.6592190438238e-17
4 2 0 5.6347127240354e-17
4 2 0 5.6096342041062e-17
4 2 0 2.0665432754982e-17
4 2 0 2.0405311138986e-17
4 2 0 2.0268681587574e-17
4 2 0 1.9990897053858e-17
4 2 0 1.2316537291332e-17
4 2 0 1.2162797689264e-17
4 2 0 1.2074246784017e-17
4 2 0 1.1906121541538e-17
4 2 0 1.168219057222e-17
4 2 0 1.1616079425928e-17
4 2 0 1.1524197002205e-17
4 2 0 1.1416018445447e-17
4 2 0 9.5287948859504e-18
4 2 0 9.4240715042651e-18
4 2 0 9.2525814947917e-18
4 2 0 9.1532675598476e-18
4 2 0 5.922389151284e-18
4 2 0 5.8564426796172e-18
4 2 0 5.7467889392157e-18
4 2 0 5.6076077039551e-18
4 2 0 4.3876039067697e-18
4 2 0 4.3350441966514e-18
4 2 0 4.2740083163172e-18
4 2 0 4.1738099104879e-18
4 2 0 2.9443256894048e-18
4 2 0 2.8233218612968e-18
4 2 0 2.77866668147e-18
4 2 0 2.6973845856246e-18
4 2 0 2.3755402221931e-18
4 2 0 2.2984336257654e-18
4 2 0 2.2118784054891e-18
4 2 0 2.1537472255524e-18
4 2 0 1.9378647283872e-18
4 2 0 1.8954972656938e-18
4 2 0 1.8328428646821e-18
4 2 0 1.7608755118962e-18
4 2 0 1.2162621402991e-18
4 2 0 1.1265690913268e-18
4 2 0 1.0561298110478e-18
4 2 0 9.5671300230267e-19
4 2 0 7.1467393171787e-19
4 2 0 6.2996549323949e-19
4 2 0 5.8261385716608e-19
4 2 0 5.2346622122049e-19
4 2 0 4.6077282719874e-19
4 2 0 4.364602162685e-19
4 2 0 4.1044588931285e-19
4 2 0 3.7605034463042e-19
4 2 0 3.3418675683792e-19
4 2 0 3.1448449695285e-19
4 2 0 2.9457821510323e-19
4 2 0 2.6489861528851e-19
4 2 0 2.3958603494161e-19
4 2 0 2.1270245654712e-19
4 2 0 2.0542522480597e-19
4 2 0 1.7073718070871e-19
4 2 0 1.6320741741639e-19
4 2 0 1.3749010320916e-19
4 2 0 1.1807836106551e-19
4 2 0 1.0187262981486e-19
4 2 0 7.7943618450924e-20
4 2 0 3.5207424505866e-20
4 2 0 -2.395916886715e-22
4 2 0 -1.890884951872e-20
4 2 0 -2.6076809281493e-20
4 2 0 -5.4270154596169e-20
4 2 0 -8.5412573212914e-20
4 2 0 -1.2516259459077e-19
4 2 0 -1.4565204181164e-19
4 2 0 -2.2126618802751e-19
4 2 0 -2.6328343635668e-19
4 2 0 -3.1190930582195e-19
4 2 1 0.002493062453758
4 2 1 0.0024930624271797
4 2 1 0.0024930624116556
4 2 1 0.0024930623862293
4 2 1 0.002181920674775
4 2 1 0.0021819206478334
4 2 1 0.0021819206343263
4 2 1 0.0021819206064869
4 2 1 0.0018585513077413
4 2 1 0.0018585512831989
4 2 1 0.001858551262685
4 2 1 0.0018585512452569
4 2 1 0.0016416756961444
4 2 1 0.0016416756865288
4 2 1 0.0016416756651976
4 2 1 0.0016416756541712
4 2 1 0.0015694783598225
4 2 1 0.0015694783460289
4 2 1 0.0015694783339707
4 2 1 0.0015694783169271
4 2 1 0.001359601658326
4 2 1 0.0013596016435776
4 2 1 0.0013596016256035
4 2 1 0.0013596016174446
4 2 1 0.001094577508242
4 2 1 0.0010945774985787
4 2 1 0.0010945774911427
4 2 1 0.0010945774782048
4 2 1 0.00082736379164867
4 2 1 0.00082736378462274
4 2 1 0.00082736377766037
4 2 1 0.00082736376838594
4 2 1 0.0005784641979638
4 2 1 0.0005784641884173
4 2 1 0.00057846417675423
4 2 1 0.000578464175087
4 2 1 0.00056121465796494
4 2 1 0.0005612146524631
4 2 1 0.00056121464214029
4 2 1 0.0005612146235985
4 2 1 4.108813818172e-13
4 2 1 4.1081073285129e-13
4 2 1 4.1072145067217e-13
4 2 1 4.1065890511442e-13
4 2 1 3.7887445879864e-13
4 2 1 3.7885690229103e-13
4 2 1 3.7873281926074e-13
4 2 1 3.7867500922929e-13
4 2 1 3.0907869064896e-13
4 2 1 3.0903469164615e-13
4 2 1 3.089056896676e-13
4 2 1 3.0885111027961e-13
4 2 1 2.9928196463123e-13
4 2 1 2.9922932699061e-13
4 2 1 2.9908532914975e-13
4 2 1 2.9902690839828e-13
4 2 1 2.4041392604822e-13
4 2 1 2.4040105355091e-13
4 2 1 2.4026708010242e-13
4 2 1 2.4020281228744e-13
4 2 1 2.1647836067255e-13
4 2 1 2.164012352963e-13
4 2 1 2.1636786147248e-13
4 2 1 2.1629873041365e-13
4 2 1 1.8084259888418e-13
4 2 1 1.8080435208313e-13
4 2 1 1.8075352395702e-13
4 2 1 1.8068357891111e-13
4 2 1 1.3982984185174e-13
4 2 1 1.3979563602415e-13
4 2 1 1.3977651113562e-13
4 2 1 1.3969285774041e-13
4 2 1 1.3460413265848e-13
4 2 1 1.3457027349304e-13
4 2 1 1.3452706616865e-13
4 2 1 1.3448749587915e-13
4 2 1 1.1794589085992e-13
4 2 1 1.1788011018803e-13
4 2 1 1.178469287163e-13
4 2 1 1.1778105785375e-13
4 2 1 9.7039063521369e-14
4 2 1 9.7011776180645e-14
4 2 1 9.6970264894581e-14
4 2 1 9.6915032589611e-14
4 2 1 8.5240026333565e-14
4 2 1 8.5209961697209e-14
4 2 1 8.5165554252965e-14
4 2 1 8.5148266730335e-14
4 2 1 7.3416821066798e-14
4 2 1 7.3347620928446e-14
4 2 1 7.3284098461374e-14
4 2 1 7.3187864322949e-14
4 2 1 6.404216726637e-14
4 2 1 6.4007480298653e-14
4 2 1 6.399042323347e-14
4 2 1 6.3962407006033e-14
4 2 1 5.6874099442744e-14
4 2 1 5.6848409740497e-14
4 2 1 5.6838187303097e-14
4 2 1 5.6814747844001e-14
4 2 1 5.2909131686478e-14
4 2 1 5.2891771721986e-14
4 2 1 5.2873761174982e-14
4 2 1 5.2846487844687e-14
4 2 1 4.8576125666738e-14
4 2 1 4.8548430459731e-14
4 2 1 4.8529640609109e-14
4 2 1 4.8487985328422e-14
4 2 1 4.0739636728615e-14
4 2 1 4.0721064788127e-14
4 2 1 4.0696664535688e-14
4 2 1 4.0670911399934e-14
4 2 1 3.5527238935686e-14
4 2 1 3.5509992813818e-14
4 2 1 3.5495671335024e-14
4 2 1 3.5483591083769e-14
4 2 1 2.9573233599349e-14
4 2 1 2.9544731210036e-14
4 2 1 2.9530501128417e-14
4 2 1 2.9519533116971e-14
4 2 1 2.7998950779143e-14
4 2 1 2.7978582702058e-14
4 2 1 2.7966415318649e-14
4 2 1 2.7955480976904e-14
4 2 1 2.5016194516357e-14
4 2 1 2.5005697778436e-14
4 2 1 2.4998855036554e-14
4 2 1 2.4985278887257e-14
4 2 1 2.0838412629274e-14
4 2 1 2.0829984959175e-14
4 2 1 2.0820262758201e-14
4 2 1 2.0804770910927e-14
4 2 1 1.6224039703405e-14
4 2 1 1.6216279082147e-14
4 2 1 1.6207677475643e-14
4 2 1 1.6197192176562e-14
4 2 1 1.1427467229791e-14
4 2 1 1.1419838051454e-14
4 2 1 1.1411690389016e-14
4 2 1 1.1404025679827e-14
4 2 1 6.7951448090373e-15
4 2 1 6.7885759108531e-15
4 2 1 6.7849550204674e-15
4 2 1 6.7824681257903e-15
4 2 1 5.5630636331497e-15
4 2 1 5.5606407109071e-15
4 2 1 5.5579249430976e-15
4 2 1 5.5527161067674e-15
4 2 1 4.2209228767017e-15
4 2 1 4.2155060907436e-15
4 2 1 4.2130613566813e-15
4 2 1 4.2086966792383e-15
4 2 1 2.8565318837207e-15
4 2 1 2.8512463568092e-15
4 2 1 2.8495805948825e-15
4 2 1 2.8433912028055e-15
4 2 1 8.2200316660123e-16
4 2 1 8.1960946229307e-16
4 2 1 8.174253611947e-16
4 2 1 8.1642474284413e-16
4 2 1 3.686061982956e-16
4 2 1 3.6770379584614e-16
4 2 1 3.6673537428692e-16
4 2 1 3.6594351914723e-16
4 2 1 1.0876499310177e-16
4 2 1 1.0810926558465e-16
4 2 1 1.0727768063918e-16
4 2 1 1.0695496778435e-16
4 2 1 6.1327377907393e-17
4 2 1 6.082870426555e-17
4 2 1 6.0628590617445e-17
4 2 1 6.014163831383e-17
4 2 1 2.3038265477707e-17
4 2 1 2.2860675838441e-17
4 2 1 2.2783816913652e-17
4 2 1 2.2364171522648e-17
4 2 1 1.4142160283408e-17
4 2 1 1.4045763789083e-17
4 2 1 1.3936316417202e-17
4 2 1 1.3690947003232e-17
4 2 1 1.0122211587615e-17
4 2 1 1.0073679805888e-17
4 2 1 9.9760837832704e-18
4 2 1 9.8567390683259e-18
4 2 1 8.6249492067188e-18
4 2 1 8.5721806050355e-18
4 2 1 8.4760862671428e-18
4 2 1 8.4561445508113e-18
4 2 1 5.5356933599305e-18
4 2 1 5.4773304095013e-18
4 2 1 5.3803920921308e-18
4 2 1 5.3264917573861e-18
4 2 1 4.6750668617596e-18
4 2 1 4.6507961426956e-18
4 2 1 4.451525167873e-18
4 2 1 4.3584789302329e-18
4 2 1 3.447940936021e-18
4 2 1 3.3351731224633e-18
4 2 1 3.2537918477239e-18
4 2 1 3.163696172571e-18
4 2 1 2.1677552617385e-18
4 2 1 2.0696777442411e-18
4 2 1 2.0107150770337e-18
4 2 1 1.9486973832669e-18
4 2 1 1.2264228299524e-18
4 2 1 1.2002517136707e-18
4 2 1 1.1390363209021e-18
4 2 1 1.1184028637397e-18
4 2 1 8.8532026642522e-19
4 2 1 8.1179703030243e-19
4 2 1 7.669293550026e-19
4 2 1 7.1777586699109e-19
4 2 1 6.8776044971063e-19
4 2 1 6.2752998726338e-19
4 2 1 5.7633392191206e-19
4 2 1 5.442512118859e-19
4 2 1 4.9666966639678e-19
4 2 1 4.7441853050895e-19
4 2 1 4.3404663698985e-19
4 2 1 4.0046839769496e-19
4 2 1 3.5791802956477e-19
4 2 1 3.3867267956656e-19
4 2 1 3.1492645137687e-19
4 2 1 2.844192950092e-19
4 2 1 2.6643802686494e-19
4 2 1 2.3931937007059e-19
4 2 1 2.0606258636454e-19
4 2 1 1.703162934388e-19
4 2 1 1.5847901531547e-19
4 2 1 1.3595130397766e-19
4 2 1 1.0578341206476e-19
4 2 1 8.6036380774954e-20
4 2 1 6.4865661593217e-20
4 2 1 4.6549257619163e-20
4 2 1 1.4342590612376e-20
4 2 1 -1.6361648246823e-20
4 2 1 -5.0085042306599e-20
4 2 1 -1.0660463858026e-19
4 2 1 -1.3972795784279e-19
4 2 1 -2.2811375082401e-19
4 2 2 0.0024919337066054
4 2 2 0.0024919336930482
4 2 2 0.002491933678989
4 2 2 0.0024919336595759
4 2 2 0.002103165955743
4 2 2 0.0021031659483852
4 2 2 0.0021031659179521
4 2 2 0.0021031659025579
4 2 2 0.0017732634853356
4 2 2 0.0017732634552035
4 2 2 0.0017732634187863
4 2 2 0.0017732633848699
4 2 2 0.0016524693476846
4 2 2 0.0016524693420596
4 2 2 0.0016524693307668
4 2 2 0.001652469306525
4 2 2 0.0016217421120023
4 2 2 0.0016217421009931
4 2 2 0.0016217420883049
4 2 2 0.0016217420667209
4 2 2 0.0013573038699252
4 2 2 0.0013573038487699
4 2 2 0.0013573038331357
4 2 2 0.0013573038226092
4 2 2 0.0012613263498856
4 2 2 0.0012613263447701
4 2 2 0.0012613263356172
4 2 2 0.0012613263264671
4 2 2 0.00081862230198509
4 2 2 0.00081862229706297
4 2 2 0.00081862229371123
4 2 2 0.00081862228801201
4 2 2 0.00058605287607226
4 2 2 0.00058605286114923
4 2 2 0.00058605285700246
4 2 2 0.00058605284539189
4 2 2 0.00054780804640448
4 2 2 0.00054780804089542
4 2 2 0.00054780803432999
4 2 2 0.00054780802594275
4 2 2 0.00041998138674311
4 2 2 0.00041998138011408
4 2 2 0.00041998137562621
4 2 2 0.0004199813649707
4 2 2 5.909019570233e-13
4 2 2 5.9078303337149e-13
4 2 2 5.9064143634062e-13
4 2 2 5.9050468176614e-13
4 2 2 4.9547343064814e-13
4 2 2 4.9536993772555e-13
4 2 2 4.952365176696e-13
4 2 2 4.9518615689089e-13
4 2 2 3.6284240599476e-13
4 2 2 3.6279435248574e-13
4 2 2 3.6269372206453e-13
4 2 2 3.6261850026464e-13
4 2 2 2.6279203145537e-13
4 2 2 2.6271200741034e-13
4 2 2 2.6262985505106e-13
4 2 2 2.6260330328738e-13
4 2 2 2.488529154687e-13
4 2 2 2.4878731181106e-13
4 2 2 2.4876301732067e-13
4 2 2 2.4870018934798e-13
4 2 2 1.7697579924801e-13
4 2 2 1.7690296551717e-13
4 2 2 1.7686962483094e-13
4 2 2 1.7682117245454e-13
4 2 2 1.6425958176208e-13
4 2 2 1.6422601652409e-13
4 2 2 1.6418545425436e-13
4 2 2 1.641545297817e-13
4 2 2 1.6408245307626e-13
4 2 2 1.6404994587622e-13
4 2 2 1.6402572287615e-13
4 2 2 1.6398966727013e-13
4 2 2 1.2912288155833e-13
4 2 2 1.2909391483316e-13
4 2 2 1.2902956949801e-13
4 2 2 1.2900913247126e-13
4 2 2 1.2667813861134e-13
4 2 2 1.2662910220979e-13
4 2 2 1.2656578642009e-13
4 2 2 1.264838143075e-13
4 2 2 1.0163095340111e-13
4 2 2 1.0160596668529e-13
4 2 2 1.0156695664514e-13
4 2 2 1.0151993916666e-13
4 2 2 9.776420525591e-14
4 2 2 9.7686131358446e-14
4 2 2 9.7679799349084e-14
4 2 2 9.7654523552841e-14
4 2 2 7.9694445996863e-14
4 2 2 7.9658262044728e-14
4 2 2 7.9645002402243e-14
4 2 2 7.9620404022556e-14
4 2 2 7.0474692871329e-14
4 2 2 7.0382390962486e-14
4 2 2 7.0335728253842e-14
4 2 2 7.0285904698695e-14
4 2 2 6.7276402705976e-14
4 2 2 6.7215726602744e-14
4 2 2 6.7192607542638e-14
4 2 2 6.7160125181525e-14
4 2 2 6.0092202726558e-14
4 2 2 6.0060809601854e-14
4 2 2 6.0045232973077e-14
4 2 2 6.0016952283433e-14
4 2 2 5.2735938908122e-14
4 2 2 5.2696775175259e-14
4 2 2 5.2676848318054e-14
4 2 2 5.2657040154131e-14
4 2 2 5.1848187045125e-14
4 2 2 5.1836429617405e-14
4 2 2 5.1821729941881e-14
4 2 2 5.1810057497686e-14
4 2 2 3.6439899779159e-14
4 2 2 3.6422740265213e-14
4 2 2 3.641207025014e-14
4 2 2 3.6399477320674e-14
4 2 2 3.5067321278114e-14
4 2 2 3.5051875964786e-14
4 2 2 3.5044364076448e-14
4 2 2 3.5029545644998e-14
4 2 2 3.4864494807882e-14
4 2 2 3.4850712460906e-14
4 2 2 3.4823350485877e-14
4 2 2 3.4812842646305e-14
4 2 2 2.651342808266e-14
4 2 2 2.650246904832e-14
4 2 2 2.6488477950538e-14
4 2 2 2.6475172620852e-14
4 2 2 2.2791425547523e-14
4 2 2 2.2781119631694e-14
4 2 2 2.2772398309839e-14
4 2 2 2.2764587797278e-14
4 2 2 2.2377066270237e-14
4 2 2 2.2358887074145e-14
4 2 2 2.2337788826201e-14
4 2 2 2.2314045763926e-14
4 2 2 2.009731832244e-14
4 2 2 2.009278136234e-14
4 2 2 2.0079996604248e-14
4 2 2 2.0072200419239e-14
4 2 2 1.8150817858928e-14
4 2 2 1.8136350987523e-14
4 2 2 1.8129489020573e-14
4 2 2 1.8121878740541e-14
4 2 2 1.5090875885902e-14
4 2 2 1.5079685473798e-14
4 2 2 1.5069727212679e-14
4 2 2 1.5066153031078e-14
4 2 2 7.2305375299915e-15
4 2 2 7.2279329080421e-15
4 2 2 7.2238395179871e-15
4 2 2 7.2203669324786e-15
4 2 2 3.5463075047832e-15
4 2 2 3.5399683089458e-15
4 2 2 3.5369022315653e-15
4 2 2 3.5319870045422e-15
4 2 2 1.3029358013644e-15
4 2 2 1.2993958847116e-15
4 2 2 1.299198489071e-15
4 2 2 1.2968794662374e-15
4 2 2 2.4398235860326e-16
4 2 2 2.4330864928049e-16
4 2 2 2.4295829787211e-16
4 2 2 2.4256759382179e-16
4 2 2 7.6105370030218e-17
4 2 2 7.5733683082159e-17
4 2 2 7.5417939985769e-17
4 2 2 7.4931320404936e-17
4 2 2 3.4442309030652e-17
4 2 2 3.4301622023502e-17
4 2 2 3.4058842687615e-17
4 2 2 3.3857160054352e-17
4 2 2 2.4481058210227e-17
4 2 2 2.4194825436287e-17
4 2 2 2.4054369388254e-17
4 2 2 2.3810765300384e-17
4 2 2 1.2143657704974e-17
4 2 2 1.2027055722733e-17
4 2 2 1.1930745634751e-17
4 2 2 1.1821931615724e-17
4 2 2 1.0357421750536e-17
4 2 2 1.0336166386606e-17
4 2 2 1.0187694082349e-17
4 2 2 1.0044153267912e-17
4 2 2 5.1147858411188e-18
4 2 2 5.0441996990028e-18
4 2 2 4.9486796579889e-18
4 2 2 4.9071059540415e-18
4 2 2 4.026949281573e-18
4 2 2 3.9323825471859e-18
4 2 2 3.9032454069917e-18
4 2 2 3.8434568780756e-18
4 2 2 3.2143697194768e-18
4 2 2 3.183834646202e-18
4 2 2 3.1105342894773e-18
4 2 2 2.991673059756e-18
4 2 2 2.8149057042128e-18
4 2 2 2.7566786232433e-18
4 2 2 2.682188922756e-18
4 2 2 2.6326772557287e-18
4 2 2 1.8209685237365e-18
4 2 2 1.7418562801862e-18
4 2 2 1.6675281444352e-18
4 2 2 1.5881400335525e-18
4 2 2 1.288331432336e-18
4 2 2 1.239851008103e-18
4 2 2 1.1923478993886e-18
4 2 2 1.1524447626664e-18
4 2 2 6.7347883960501e-19
4 2 2 6.2021359919442e-19
4 2 2 5.9240541389958e-19
4 2 2 5.7615796881833e-19
4 2 2 5.339320947572e-19
4 2 2 5.1507785038556e-19
4 2 2 4.8937785453591e-19
4 2 2 4.7396544943569e-19
4 2 2 4.5268194243789e-19
4 2 2 3.978975714886e-19
4 2 2 3.9002753978713e-19
4 2 2 3.7055723147628e-19
4 2 2 3.4532594633513e-19
4 2 2 3.3064342623289e-19
4 2 2 3.0336140976236e-19
4 2 2 2.7815186813784e-19
4 2 2 2.669588687611e-19
4 2 2 2.4964445610129e-19
4 2 2 2.2823601004849e-19
4 2 2 2.0715012498348e-19
4 2 2 1.8205201551976e-19
4 2 2 1.6256117502292e-19
4 2 2 1.5239838137064e-19
4 2 2 1.1147431089635e-19
4 2 2 8.2753053897935e-20
4 2 2 7.1006477163089e-20
4 2 2 5.2104237511923e-20
4 2 2 1.6466001397032e-20
4 2 2 -1.0467231470026e-21
4 2 2 -3.8646833573353e-20
4 2 2 -7.242995653277e-20
4 2 2 -9.269120058033e-20
4 2 2 -1.105789192335e-19
4 2 2 -1.7387894563583e-19
4 2 2 -2.2750192543042e-19
4 2 2 -2.7243743401789e-19
4 2 3 0.0024930624442144
4 2 3 0.002493062436521
4 2 3 0.002493062407117
4 2 3 0.0024930623962427
4 2 3 0.0021819206903168
4 2 3 0.0021819206603664
4 2 3 0.0021819206248721
4 2 3 0.0021819205971273
4 2 3 0.001858551300331
4 2 3 0.0018585512913642
4 2 3 0.0018585512687938
4 2 3 0.0018585512425369
4 2 3 0.0016416756955321
4 2 3 0.0016416756847594
4 2 3 0.0016416756577248
4 2 3 0.0016416756519379
4 2 3 0.001569478365584
4 2 3 0.0015694783502103
4 2 3 0.0015694783284236
4 2 3 0.001569478315556
4 2 3 0.0013596016486834
4 2 3 0.0013596016467003
4 2 3 0.0013596016352452
4 2 3 0.0013596016170035
4 2 3 0.0010945775133307
4 2 3 0.0010945774966781
4 2 3 0.0010945774932393
4 2 3 0.0010945774730804
4 2 3 0.00082736378545341
4 2 3 0.00082736378329251
4 2 3 0.00082736377603106
4 2 3 0.00082736377336852
4 2 3 0.00057846419563048
4 2 3 0.00057846418808804
4 2 3 0.00057846418168829
4 2 3 0.00057846416930978
4 2 3 0.00056121465548563
4 2 3 0.00056121464924227
4 2 3 0.00056121463971603
4 2 3 0.00056121462694546
4 2 3 4.1090958241395e-13
4 2 3 4.1082767023313e-13
4 2 3 4.1071029451186e-13
4 2 3 4.106984961639e-13
4 2 3 3.7894845624843e-13
4 2 3 3.7884266452212e-13
4 2 3 3.7876256362043e-13
4 2 3 3.78694453114e-13
4 2 3 3.0911899334262e-13
4 2 3 3.0902868185644e-13
4 2 3 3.0894522568727e-13
4 2 3 3.0889085720137e-13
4 2 3 2.9924897715833e-13
4 2 3 2.9919252583768e-13
4 2 3 2.9911898730096e-13
4 2 3 2.9905571240745e-13
4 2 3 2.4041325813435e-13
4 2 3 2.4037019581221e-13
4 2 3 2.4031238235727e-13
4 2 3 2.4025181129166e-13
4 2 3 2.1652734940627e-13
4 2 3 2.1643121613712e-13
4 2 3 2.1635554294307e-13
4 2 3 2.1629328050073e-13
4 2 3 1.8090840402246e-13
4 2 3 1.8080962586975e-13
4 2 3 1.8076212403914e-13
4 2 3 1.8068446956375e-13
4 2 3 1.3982469057753e-13
4 2 3 1.397575214133e-13
4 2 3 1.3974417698339e-13
4 2 3 1.3971634571523e-13
4 2 3 1.34595185583e-13
4 2 3 1.3456034147355e-13
4 2 3 1.3451214299662e-13
4 2 3 1.3449350300288e-13
4 2 3 1.1790473027473e-13
4 2 3 1.1788057215285e-13
4 2 3 1.1782932622295e-13
4 2 3 1.1780289034018e-13
4 2 3 9.7062096994671e-14
4 2 3 9.7008924171408e-14
4 2 3 9.6973554965571e-14
4 2 3 9.6929675171627e-14
4 2 3 8.5234962754939e-14
4 2 3 8.5217821980356e-14
4 2 3 8.5177128931226e-14
4 2 3 8.5135773079823e-14
4 2 3 7.343077824079e-14
4 2 3 7.3341892931395e-14
4 2 3 7.3245054015818e-14
4 2 3 7.3194409508225e-14
4 2 3 6.4037487489176e-14
4 2 3 6.4009916712004e-14
4 2 3 6.3999594466895e-14
4 2 3 6.396960833747e-14
4 2 3 5.6881191016692e-14
4 2 3 5.6861027684859e-14
4 2 3 5.6831352534917e-14
4 2 3 5.681726883487e-14
4 2 3 5.2916771631398e-14
4 2 3 5.2891456442755e-14
4 2 3 5.2876898038238e-14
4 2 3 5.284560814796e-14
4 2 3 4.8561626735745e-14
4 2 3 4.8549499448606e-14
4 2 3 4.8522805363915e-14
4 2 3 4.8492007217884e-14
4 2 3 4.0735095864449e-14
4 2 3 4.0717111906947e-14
4 2 3 4.0688996127389e-14
4 2 3 4.0678095934513e-14
4 2 3 3.5523995421177e-14
4 2 3 3.5515092959067e-14
4 2 3 3.5501109277323e-14
4 2 3 3.5482300378945e-14
4 2 3 2.9567823612925e-14
4 2 3 2.9539529275803e-14
4 2 3 2.9529725441994e-14
4 2 3 2.9517043634892e-14
4 2 3 2.7995922172326e-14
4 2 3 2.7985754384377e-14
4 2 3 2.7969599241937e-14
4 2 3 2.7946388223321e-14
4 2 3 2.5023255639509e-14
4 2 3 2.5010958461577e-14
4 2 3 2.4993202283824e-14
4 2 3 2.4985708216646e-14
4 2 3 2.083737121307e-14
4 2 3 2.0834924998834e-14
4 2 3 2.0828198048038e-14
4 2 3 2.0801639959787e-14
4 2 3 1.6226629114131e-14
4 2 3 1.6218640727146e-14
4 2 3 1.6208911431499e-14
4 2 3 1.6198812291615e-14
4 2 3 1.1430180595019e-14
4 2 3 1.1424275946994e-14
4 2 3 1.1413233296379e-14
4 2 3 1.1402500195216e-14
4 2 3 6.7949526247669e-15
4 2 3 6.7883819035509e-15
4 2 3 6.7854178587567e-15
4 2 3 6.7770424743522e-15
4 2 3 5.5672326307313e-15
4 2 3 5.5614672535852e-15
4 2 3 5.5591896672226e-15
4 2 3 5.5500024065695e-15
4 2 3 4.2218112743934e-15
4 2 3 4.2164648895876e-15
4 2 3 4.2116608100357e-15
4 2 3 4.2068357789233e-15
4 2 3 2.8526038145132e-15
4 2 3 2.8512030536087e-15
4 2 3 2.8470310824631e-15
4 2 3 2.8440992950795e-15
4 2 3 8.2142854726018e-16
4 2 3 8.1973096446718e-16
4 2 3 8.1813202539456e-16
4 2 3 8.1495329078597e-16
4 2 3 3.6842385828997e-16
4 2 3 3.6788046367308e-16
4 2 3 3.6704118505189e-16
4 2 3 3.6639480109088e-16
4 2 3 1.083634022515e-16
4 2 3 1.0797370975808e-16
4 2 3 1.0770315115426e-16
4 2 3 1.07075930255e-16
4 2 3 6.1227881240107e-17
4 2 3 6.0809496750558e-17
4 2 3 6.0559576683261e-17
4 2 3 6.0215133958191e-17
4 2 3 2.303624483915e-17
4 2 3 2.2902189631483e-17
4 2 3 2.2680415213493e-17
4 2 3 2.2647175614954e-17
4 2 3 1.4137199812846e-17
4 2 3 1.3972628581775e-17
4 2 3 1.3813130888072e-17
4 2 3 1.3687385467827e-17
4 2 3 1.0225417489392e-17
4 2 3 1.0082738782278e-17
4 2 3 1.0015382638505e-17
4 2 3 9.8697880627406e-18
4 2 3 8.6082278163882e-18
4 2 3 8.5226458655537e-18
4 2 3 8.4501226723487e-18
4 2 3 8.3659867169152e-18
4 2 3 5.6339840371361e-18
4 2 3 5.5369224986978e-18
4 2 3 5.4765669796762e-18
4 2 3 5.3696552657909e-18
4 2 3 4.6213906443899e-18
4 2 3 4.5685802538506e-18
4 2 3 4.4822836358164e-18
4 2 3 4.3980120589319e-18
4 2 3 3.3845442667516e-18
4 2 3 3.2989200060835e-18
4 2 3 3.2615765155973e-18
4 2 3 3.2146076964525e-18
4 2 3 2.1943372365565e-18
4 2 3 2.114348387232e-18
4 2 3 1.9958202507416e-18
4 2 3 1.9556326004628e-18
4 2 3 1.2689758178583e-18
4 2 3 1.2172377970117e-18
4 2 3 1.1483471145068e-18
4 2 3 1.0635946439368e-18
4 2 3 8.7187000845816e-19
4 2 3 8.0035910296121e-19
4 2 3 7.5661665396706e-19
4 2 3 7.0595523049757e-19
4 2 3 6.6997617428578e-19
4 2 3 6.2855999667782e-19
4 2 3 5.9663157057143e-19
4 2 3 5.6175882588211e-19
4 2 3 5.1331198842639e-19
4 2 3 4.4818116329333e-19
4 2 3 4.2207204639142e-19
4 2 3 3.9754799884621e-19
4 2 3 3.8163872289629e-19
4 2 3 3.5512056111413e-19
4 2 3 3.1119567705488e-19
4 2 3 3.0067111924082e-19
4 2 3 2.6260915351947e-19
4 2 3 2.3015554152851e-19
4 2 3 1.9451732093675e-19
4 2 3 1.8170915481914e-19
4 2 3 1.5195457880499e-19
4 2 3 1.3850348432845e-19
4 2 3 1.0772006821827e-19
4 2 3 8.6893939099382e-20
4 2 3 6.5821541661101e-20
4 2 3 4.113096928126e-20
4 2 3 2.4188123495702e-20
4 2 3 5.5915239028566e-21
4 2 3 -2.0408668474533e-20
4 2 3 -9.7603505638426e-20
4 2 3 -1.1490760229267e-19
4 2 3 -1.5341958252235e-19
4 3 0 0.0027503647056897
4 3 0 0.0027503646732609
4 3 0 0.0027503646605185
4 3 0 0.0027503646106037
4 3 0 0.0024428844436045
4 3 0 0.0024428844111619
4 3 0 0.0024428843781181
4 3 0 0.0024428843499787
4 3 0 0.0021357943483117
4 3 0 0.0021357943261897
4 3 0 0.002135794304153
4 3 0 0.0021357942777599
4 3 0 0.0018222950938874
4 3 0 0.0018222950645723
4 3 0 0.0018222950434501
4 3 0 0.001822295026507
4 3 0 0.0015536752082822
4 3 0 0.0015536751624847
4 3 0 0.0015536751560004
4 3 0 0.0015536751276916
4 3 0 0.001474786754764
4 3 0 0.001474786731893
4 3 0 0.0014747867164139
4 3 0 0.0014747867096737
4 3 0 0.001378390841454
4 3 0 0.0013783908183452
4 3 0 0.0013783908107251
4 3 0 0.0013783907982238
4 3 0 0.0010861208941856
4 3 0 0.0010861208771517
4 3 0 0.0010861208656865
4 3 0 0.0010861208605822
4 3 0 0.00084516735765637
4 3 0 0.0008451673431997
4 3 0 0.00084516732621888
4 3 0 0.00084516731964223
4 3 0 0.00066992990953458
4 3 0 0.00066992989440082
4 3 0 0.00066992988610272
4 3 0 0.00066992987659684
4 3 0 5.0427357982022e-13
4 3 0 5.041931057999e-13
4 3 0 5.0404002307559e-13
4 3 0 5.0398715624356e-13
4 3 0 3.8083996777218e-13
4 3 0 3.8071405204621e-13
4 3 0 3.8058780650804e-13
4 3 0 3.8042011946901e-13
4 3 0 3.5070859706808e-13
4 3 0 3.5036676927243e-13
4 3 0 3.5027381784617e-13
4 3 0 3.5014251168781e-13
4 3 0 2.7263111611967e-13
4 3 0 2.7246471124686e-13
4 3 0 2.723887843588e-13
4 3 0 2.7228697441684e-13
4 3 0 2.4114019180753e-13
4 3 0 2.4111317068771e-13
4 3 0 2.4105831321855e-13
4 3 0 2.4097437073835e-13
4 3 0 1.9385604413376e-13
4 3 0 1.937592760373e-13
4 3 0 1.9370078078421e-13
4 3 0 1.9366130719145e-13
4 3 0 1.7026739311526e-13
4 3 0 1.701992094019e-13
4 3 0 1.7016237245148e-13
4 3 0 1.7007297524001e-13
4 3 0 1.4789779723025e-13
4 3 0 1.4783585941069e-13
4 3 0 1.4779243071104e-13
4 3 0 1.477246949966e-13
4 3 0 1.3528694705954e-13
4 3 0 1.3520829138107e-13
4 3 0 1.3517406088997e-13
4 3 0 1.3511072503256e-13
4 3 0 1.0361760999437e-13
4 3 0 1.0360554513698e-13
4 3 0 1.0357372940635e-13
4 3 0 1.0355811569262e-13
4 3 0 8.8050915784279e-14
4 3 0 8.8006087319651e-14
4 3 0 8.7994854501927e-14
4 3 0 8.7935928728895e-14
4 3 0 7.2587349343168e-14
4 3 0 7.255293520999e-14
4 3 0 7.2525957910177e-14
4 3 0 7.2511890351717e-14
4 3 0 6.3373777619934e-14
4 3 0 6.3333356983792e-14
4 3 0 6.3322733782417e-14
4 3 0 6.3299199388768e-14
4 3 0 5.7665106781533e-14
4 3 0 5.7642500045122e-14
4 3 0 5.7615240520664e-14
4 3 0 5.7602523274415e-14
4 3 0 5.5592176756241e-14
4 3 0 5.5570667550346e-14
4 3 0 5.5556334389606e-14
4 3 0 5.5512807942222e-14
4 3 0 4.1577792175919e-14
4 3 0 4.1563272634156e-14
4 3 0 4.1546658000331e-14
4 3 0 4.1513026994353e-14
4 3 0 3.8985989690845e-14
4 3 0 3.8962470619015e-14
4 3 0 3.8958303816595e-14
4 3 0 3.8927665917908e-14
4 3 0 3.4317924909898e-14
4 3 0 3.4297789114309e-14
4 3 0 3.428397771013e-14
4 3 0 3.4270906878804e-14
4 3 0 3.0389978185258e-14
4 3 0 3.0371788322989e-14
4 3 0 3.0354809815416e-14
4 3 0 3.0336817345863e-14
4 3 0 2.4682787340049e-14
4 3 0 2.4682346224352e-14
4 3 0 2.4673863721728e-14
4 3 0 2.4641963081729e-14
4 3 0 1.7914094927093e-14
4 3 0 1.7905272331795e-14
4 3 0 1.7896228756935e-14
4 3 0 1.7889643508297e-14
4 3 0 1.6436770695388e-14
4 3 0 1.6425582316065e-14
4 3 0 1.6420320027865e-14
4 3 0 1.6411463586212e-14
4 3 0 1.3230800950534e-14
4 3 0 1.3226027074353e-14
4 3 0 1.3220647920281e-14
4 3 0 1.3209677091529e-14
4 3 0 7.6826262229225e-15
4 3 0 7.6787818397279e-15
4 3 0 7.6727224240357e-15
4 3 0 7.6623996353968e-15
4 3 0 6.887845077093e-15
4 3 0 6.87983091241e-15
4 3 0 6.8747551797466e-15
4 3 0 6.8667642387117e-15
4 3 0 5.1417358893678e-15
4 3 0 5.1340637832404e-15
4 3 0 5.1300136780067e-15
4 3 0 5.1213468492316e-15
4 3 0 3.590370349896e-15
4 3 0 3.5886811004939e-15
4 3 0 3.5837147086008e-15
4 3 0 3.5805769375681e-15
4 3 0 1.7466808431834e-15
4 3 0 1.7433425938624e-15
4 3 0 1.7410226895711e-15
4 3 0 1.7392220753854e-15
4 3 0 1.2480703713947e-15
4 3 0 1.2464523156351e-15
4 3 0 1.2426271921933e-15
4 3 0 1.2401343584381e-15
4 3 0 8.0503016433219e-16
4 3 0 8.0276069812402e-16
4 3 0 8.0084680623223e-16
4 3 0 8.002316254137e-16
4 3 0 1.9284679164748e-16
4 3 0 1.9267544886568e-16
4 3 0 1.9205148176857e-16
4 3 0 1.9166101999646e-16
4 3 0 1.3349259999884e-16
4 3 0 1.3261145780988e-16
4 3 0 1.3208786917675e-16
4 3 0 1.3167220044749e-16
4 3 0 1.0573235656305e-16
4 3 0 1.0511831244479e-16
4 3 0 1.0450473575795e-16
4 3 0 1.0367384583258e-16
4 3 0 2.679993728621e-17
4 3 0 2.6531231264533e-17
4 3 0 2.6396311865566e-17
4 3 0 2.6148666160225e-17
4 3 0 1.8932440670651e-17
4 3 0 1.8845560476675e-17
4 3 0 1.8706711231608e-17
4 3 0 1.8483990623535e-17
4 3 0 1.5363300176038e-17
4 3 0 1.5139646646541e-17
4 3 0 1.505202821655e-17
4 3 0 1.492854337866e-17
4 3 0 1.1275713476317e-17
4 3 0 1.1156343473307e-17
4 3 0 1.1020195079657e-17
4 3 0 1.0942568827258e-17
4 3 0 6.2539634098307e-18
4 3 0 6.1358310847943e-18
4 3 0 6.0390293949508e-18
4 3 0 5.955431920027e-18
4 3 0 5.3828644277016e-18
4 3 0 5.2800723434683e-18
4 3 0 5.2293761520169e-18
4 3 0 5.1136906105963e-18
4 3 0 4.2033114048951e-18
4 3 0 4.134501965923e-18
4 3 0 4.0615510154016e-18
4 3 0 3.9968556011538e-18
4 3 0 2.6335783712508e-18
4 3 0 2.5575979038189e-18
4 3 0 2.432933048256e-18
4 3 0 2.3677124853924e-18
4 3 0 1.4740457603488e-18
4 3 0 1.3249061835858e-18
4 3 0 1.283236796102e-18
4 3 0 1.2113144176951e-18
4 3 0 1.0719747092928e-18
4 3 0 1.02762562204e-18
4 3 0 9.7802668836773e-19
4 3 0 9.2343835927355e-19
4 3 0 8.7866224129165e-19
4 3 0 8.0726133020639e-19
4 3 0 7.6733638128474e-19
4 3 0 7.1003513211286e-19
4 3 0 6.257770058085e-19
4 3 0 5.3649408138034e-19
4 3 0 5.1742769432439e-19
4 3 0 4.5859334567079e-19
4 3 0 4.2121327677974e-19
4 3 0 3.7297657274601e-19
4 3 0 3.6055461731627e-19
4 3 0 3.1053952508609e-19
4 3 0 2.8999946823149e-19
4 3 0 2.8013592223944e-19
4 3 0 2.5759877697879e-19
4 3 0 2.1291065430535e-19
4 3 0 1.8139759950536e-19
4 3 0 1.3945196340247e-19
4 3 0 1.1677640858366e-19
4 3 0 8.0270177031343e-20
4 3 0 7.0267431246347e-20
4 3 0 5.2259377870415e-20
4 3 0 3.4126479510138e-20
4 3 0 -3.1172335028189e-20
4 3 0 -6.055437207528e-20
4 3 0 -8.775702231627e-20
4 3 0 -1.251503601173e-19
4 3 0 -2.3967622748685e-19
4 3 1 0.002494690641654
4 3 1 0.0024946906112332
4 3 1 0.00249469060259
4 3 1 0.0024946905556137
4 3 1 0.0022279614583332
4 3 1 0.0022279614268174
4 3 1 0.0022279614089792
4 3 1 0.0022279613950219
4 3 1 0.0019779006977457
4 3 1 0.0019779006821854
4 3 1 0.0019779006480703
4 3 1 0.0019779006304213
4 3 1 0.0016699167434341
4 3 1 0.0016699167068032
4 3 1 0.0016699166779294
4 3 1 0.0016699166655842
4 3 1 0.0015850604740099
4 3 1 0.0015850604567186
4 3 1 0.0015850604369263
4 3 1 0.0015850604226592
4 3 1 0.0014381518315058
4 3 1 0.0014381518154837
4 3 1 0.0014381518000411
4 3 1 0.0014381517794925
4 3 1 0.0012383766952233
4 3 1 0.0012383766677907
4 3 1 0.0012383766608951
4 3 1 0.0012383766322145
4 3 1 0.0010632831851608
4 3 1 0.0010632831697731
4 3 1 0.0010632831581771
4 3 1 0.0010632831428788
4 3 1 0.00085528106177254
4 3 1 0.00085528104977661
4 3 1 0.00085528103170408
4 3 1 0.00085528101278938
4 3 1 0.00064343288033425
4 3 1 0.00064343287100556
4 3 1 0.00064343286505255
4 3 1 0.00064343285519482
4 3 1 5.7266186684992e-13
4 3 1 5.724520360257e-13
4 3 1 5.7213478317989e-13
4 3 1 5.7198395416807e-13
4 3 1 3.50924823276e-13
4 3 1 3.5066844242474e-13
4 3 1 3.5054825891985e-13
4 3 1 3.5050684380172e-13
4 3 1 2.9664436448096e-13
4 3 1 2.9659136809491e-13
4 3 1 2.9652034658047e-13
4 3 1 2.964123063486e-13
4 3 1 2.7365254517639e-13
4 3 1 2.7354547671594e-13
4 3 1 2.7348289331307e-13
4 3 1 2.7344943462159e-13
4 3 1 2.4233794799191e-13
4 3 1 2.4225465375467e-13
4 3 1 2.4217314904559e-13
4 3 1 2.421029271559e-13
4 3 1 2.1155272511419e-13
4 3 1 2.1152959652277e-13
4 3 1 2.1139743375278e-13
4 3 1 2.1132202481217e-13
4 3 1 1.8439805195197e-13
4 3 1 1.8434004998444e-13
4 3 1 1.8425944602523e-13
4 3 1 1.8416824033622e-13
4 3 1 1.6198538976352e-13
4 3 1 1.6193117894827e-13
4 3 1 1.6188819763765e-13
4 3 1 1.6179384346437e-13
4 3 1 1.3267312206537e-13
4 3 1 1.3253830775529e-13
4 3 1 1.325031702349e-13
4 3 1 1.3243699041503e-13
4 3 1 1.0794595002549e-13
4 3 1 1.0790997877984e-13
4 3 1 1.0787126638779e-13
4 3 1 1.0784176653198e-13
4 3 1 9.3887914636971e-14
4 3 1 9.3853826904523e-14
4 3 1 9.3824300403979e-14
4 3 1 9.3796017611766e-14
4 3 1 8.643013054346e-14
4 3 1 8.6412554987534e-14
4 3 1 8.6384001169945e-14
4 3 1 8.634275175681e-14
4 3 1 6.5267387205544e-14
4 3 1 6.5257357662466e-14
4 3 1 6.5233515218842e-14
4 3 1 6.5217023096429e-14
4 3 1 5.9330688679713e-14
4 3 1 5.9314473074232e-14
4 3 1 5.9285228377611e-14
4 3 1 5.9258807895224e-14
4 3 1 5.351544923631e-14
4 3 1 5.3501774220655e-14
4 3 1 5.3485047520657e-14
4 3 1 5.3454454519643e-14
4 3 1 5.1216662736825e-14
4 3 1 5.1203691123186e-14
4 3 1 5.1189255427144e-14
4 3 1 5.1172718928287e-14
4 3 1 3.9848227619624e-14
4 3 1 3.9835364046282e-14
4 3 1 3.9816511312471e-14
4 3 1 3.9797410875543e-14
4 3 1 3.6583524486574e-14
4 3 1 3.6566870013756e-14
4 3 1 3.6551636011884e-14
4 3 1 3.6521518426568e-14
4 3 1 2.9703230243207e-14
4 3 1 2.9685473023731e-14
4 3 1 2.9678768769378e-14
4 3 1 2.9663130933329e-14
4 3 1 2.3148744733698e-14
4 3 1 2.3129508910038e-14
4 3 1 2.3119056993504e-14
4 3 1 2.3109627617588e-14
4 3 1 2.0495014889126e-14
4 3 1 2.0485241597707e-14
4 3 1 2.0480203124447e-14
4 3 1 2.0469604798075e-14
4 3 1 1.5855808731845e-14
4 3 1 1.5848826654234e-14
4 3 1 1.5836801145265e-14
4 3 1 1.5829378142881e-14
4 3 1 1.3613169122163e-14
4 3 1 1.3605946969902e-14
4 3 1 1.359359672584e-14
4 3 1 1.3586671294041e-14
4 3 1 1.0268886992267e-14
4 3 1 1.0260848723451e-14
4 3 1 1.0255493111194e-14
4 3 1 1.0251381524111e-14
4 3 1 8.1106820968765e-15
4 3 1 8.1078192685584e-15
4 3 1 8.1038277114025e-15
4 3 1 8.1009166505127e-15
4 3 1 7.0009466512079e-15
4 3 1 6.994728133692e-15
4 3 1 6.9882006483237e-15
4 3 1 6.9837332800591e-15
4 3 1 3.3907444651713e-15
4 3 1 3.3889426214013e-15
4 3 1 3.3831850926159e-15
4 3 1 3.3820132774567e-15
4 3 1 2.5301119492152e-15
4 3 1 2.5281598000501e-15
4 3 1 2.5252886507384e-15
4 3 1 2.5211291919991e-15
4 3 1 1.7034770474639e-15
4 3 1 1.6990885605372e-15
4 3 1 1.6964216247178e-15
4 3 1 1.6947578313874e-15
4 3 1 7.2026300563484e-16
4 3 1 7.1884824308529e-16
4 3 1 7.1738925634427e-16
4 3 1 7.1485675025075e-16
4 3 1 3.8068341206007e-16
4 3 1 3.7955003329567e-16
4 3 1 3.7909611295693e-16
4 3 1 3.7819266907102e-16
4 3 1 1.3118210560926e-16
4 3 1 1.3020142507312e-16
4 3 1 1.2972189569768e-16
4 3 1 1.2919894791369e-16
4 3 1 1.1066915271161e-16
4 3 1 1.0956712985472e-16
4 3 1 1.0902222316214e-16
4 3 1 1.0818805509248e-16
4 3 1 3.2169996754649e-17
4 3 1 3.1866444090768e-17
4 3 1 3.1603225973684e-17
4 3 1 3.1261093723439e-17
4 3 1 2.0258885392932e-17
4 3 1 2.0221867987611e-17
4 3 1 1.9994871921748e-17
4 3 1 1.9825766487516e-17
4 3 1 1.5373494622333e-17
4 3 1 1.5266170002996e-17
4 3 1 1.5148943025861e-17
4 3 1 1.5055859620748e-17
4 3 1 1.0228264455263e-17
4 3 1 1.0060413697668e-17
4 3 1 9.9659090593985e-18
4 3 1 9.8618774802054e-18
4 3 1 7.0577984109876e-18
4 3 1 6.9628913504181e-18
4 3 1 6.9003659673227e-18
4 3 1 6.7726062340905e-18
4 3 1 6.3545734638838e-18
4 3 1 6.2840020066866e-18
4 3 1 6.2193729037361e-18
4 3 1 6.0925495230637e-18
4 3 1 3.3389326558267e-18
4 3 1 3.2464417632204e-18
4 3 1 3.1656418166438e-18
4 3 1 3.1101939485948e-18
4 3 1 2.7720584362648e-18
4 3 1 2.7062952319985e-18
4 3 1 2.6632589830066e-18
4 3 1 2.6041153399863e-18
4 3 1 2.2421794050784e-18
4 3 1 2.1393041211905e-18
4 3 1 2.0452866889589e-18
4 3 1 1.9945420688917e-18
4 3 1 1.1011128545074e-18
4 3 1 1.012358575754e-18
4 3 1 9.4160145917041e-19
4 3 1 8.8112908014818e-19
4 3 1 8.3709996627206e-19
4 3 1 7.8981660232219e-19
4 3 1 7.4875715803455e-19
4 3 1 6.826815570246e-19
4 3 1 6.3798304425203e-19
4 3 1 6.1778264796782e-19
4 3 1 5.7970795965208e-19
4 3 1 5.2172275933264e-19
4 3 1 4.5611946328111e-19
4 3 1 4.2575973499293e-19
4 3 1 3.8225096026486e-19
4 3 1 3.4499333763774e-19
4 3 1 3.0575637753135e-19
4 3 1 2.8622117309336e-19
4 3 1 2.2303047330904e-19
4 3 1 2.071037330281e-19
4 3 1 1.9312030243568e-19
4 3 1 1.6137843125998e-19
4 3 1 1.4146099506253e-19
4 3 1 1.1501067119914e-19
4 3 1 7.8994070991421e-20
4 3 1 5.5046469243369e-20
4 3 1 1.3130866101679e-20
4 3 1 -2.2563418373875e-20
4 3 1 -6.0345942967532e-20
4 3 1 -8.1127984254595e-20
4 3 1 -1.2120760292785e-19
4 3 1 -1.9805884259393e-19
4 3 2 0.0024930624211516
4 3 2 0.0024930624135664
4 3 2 0.0024930623879022
4 3 2 0.0024930623724933
4 3 2 0.0021819206721593
4 3 2 0.0021819206392723
4 3 2 0.0021819206189205
4 3 2 0.002181920571563
4 3 2 0.0018585513148429
4 3 2 0.0018585512995736
4 3 2 0.0018585512645899
4 3 2 0.0018585512364532
4 3 2 0.0016416756951068
4 3 2 0.0016416756770621
4 3 2 0.0016416756513042
4 3 2 0.0016416756445128
4 3 2 0.0015694783562714
4 3 2 0.0015694783368099
4 3 2 0.0015694783221783
4 3 2 0.001569478305059
4 3 2 0.001359601654063
4 3 2 0.0013596016420249
4 3 2 0.0013596016293885
4 3 2 0.001359601611113
4 3 2 0.001094577521894
4 3 2 0.0010945775023857
4 3 2 0.0010945774770146
4 3 2 0.001094577471056
4 3 2 0.00082736379738276
4 3 2 0.00082736378596658
4 3 2 0.00082736378452115
4 3 2 0.00082736376557426
4 3 2 0.00057846420090521
4 3 2 0.00057846418925306
4 3 2 0.00057846418064453
4 3 2 0.00057846417328243
4 3 2 0.00056121465973586
4 3 2 0.00056121465141388
4 3 2 0.00056121463963948
4 3 2 0.00056121463050342
4 3 2 4.1088026413122e-13
4 3 2 4.108009001096e-13
4 3 2 4.1074282217423e-13
4 3 2 4.1064881807477e-13
4 3 2 3.7894287965803e-13
4 3 2 3.7884156590441e-13
4 3 2 3.7874843360937e-13
4 3 2 3.7869260028194e-13
4 3 2 3.0913029244638e-13
4 3 2 3.0898274126003e-13
4 3 2 3.0891686647981e-13
4 3 2 3.0879280108531e-13
4 3 2 2.9920909663252e-13
4 3 2 2.9917969990407e-13
4 3 2 2.9912991493515e-13
4 3 2 2.9907105876679e-13
4 3 2 2.4048711384863e-13
4 3 2 2.4040295318104e-13
4 3 2 2.4033836948213e-13
4 3 2 2.4028006618279e-13
4 3 2 2.1651941063102e-13
4 3 2 2.1639617033229e-13
4 3 2 2.1635080175215e-13
4 3 2 2.1629093451548e-13
4 3 2 1.8089136469033e-13
4 3 2 1.8081032093502e-13
4 3 2 1.8073858715635e-13
4 3 2 1.8068911506006e-13
4 3 2 1.3983599329071e-13
4 3 2 1.3980792567716e-13
4 3 2 1.3977659111165e-13
4 3 2 1.3969144115504e-13
4 3 2 1.3464447704279e-13
4 3 2 1.3457804829612e-13
4 3 2 1.3451630138182e-13
4 3 2 1.3449530285115e-13
4 3 2 1.1791486343282e-13
4 3 2 1.1787273686279e-13
4 3 2 1.1784366415744e-13
4 3 2 1.1779924014304e-13
4 3 2 9.7017696413439e-14
4 3 2 9.6980790903798e-14
4 3 2 9.6947331802452e-14
4 3 2 9.6931358163188e-14
4 3 2 8.5217790649172e-14
4 3 2 8.520488398825e-14
4 3 2 8.5183529760224e-14
4 3 2 8.5165938656728e-14
4 3 2 7.3384253948087e-14
4 3 2 7.3310693715015e-14
4 3 2 7.3269714054476e-14
4 3 2 7.3123625990525e-14
4 3 2 6.404625920133e-14
4 3 2 6.403470889759e-14
4 3 2 6.399718730635e-14
4 3 2 6.3975988944223e-14
4 3 2 5.6899767116114e-14
4 3 2 5.6868599475261e-14
4 3 2 5.6822588600029e-14
4 3 2 5.6793403487562e-14
4 3 2 5.2930043836664e-14
4 3 2 5.2900476902399e-14
4 3 2 5.2887671673009e-14
4 3 2 5.2852486236295e-14
4 3 2 4.8573029599935e-14
4 3 2 4.8556063155477e-14
4 3 2 4.8519340412802e-14
4 3 2 4.8515829760311e-14
4 3 2 4.0720541728888e-14
4 3 2 4.0701220984282e-14
4 3 2 4.0674002317586e-14
4 3 2 4.0645070834827e-14
4 3 2 3.5517105399288e-14
4 3 2 3.5511824161931e-14
4 3 2 3.5497848217733e-14
4 3 2 3.5483503324102e-14
4 3 2 2.9554328629554e-14
4 3 2 2.9535370966706e-14
4 3 2 2.9518453641134e-14
4 3 2 2.9509871502043e-14
4 3 2 2.8000371544168e-14
4 3 2 2.7977819632295e-14
4 3 2 2.7971136591733e-14
4 3 2 2.794344834534e-14
4 3 2 2.5021378178424e-14
4 3 2 2.5009747091137e-14
4 3 2 2.5001240502049e-14
4 3 2 2.499691089099e-14
4 3 2 2.0852941930479e-14
4 3 2 2.0837845682263e-14
4 3 2 2.081960183994e-14
4 3 2 2.080938252981e-14
4 3 2 1.6220256038882e-14
4 3 2 1.621303507623e-14
4 3 2 1.6209224222229e-14
4 3 2 1.6195427921089e-14
4 3 2 1.1433424047184e-14
4 3 2 1.1418813361086e-14
4 3 2 1.1413467271535e-14
4 3 2 1.1401649475629e-14
4 3 2 6.7931016291885e-15
4 3 2 6.7896524691539e-15
4 3 2 6.7831948577328e-15
4 3 2 6.7809508215009e-15
4 3 2 5.5678151875425e-15
4 3 2 5.5611055224059e-15
4 3 2 5.552923161216e-15
4 3 2 5.5507635852021e-15
4 3 2 4.2194723232186e-15
4 3 2 4.2171700802089e-15
4 3 2 4.2126444528582e-15
4 3 2 4.2100289050866e-15
4 3 2 2.8545706308909e-15
4 3 2 2.8520576509749e-15
4 3 2 2.8486090355225e-15
4 3 2 2.844034886928e-15
4 3 2 8.2169228162792e-16
4 3 2 8.1881455230545e-16
4 3 2 8.1757067219703e-16
4 3 2 8.1539729257696e-16
4 3 2 3.6966938577315e-16
4 3 2 3.6871633272052e-16
4 3 2 3.674100579933e-16
4 3 2 3.6690118468384e-16
4 3 2 1.0854892839769e-16
4 3 2 1.0822486558359e-16
4 3 2 1.0767015907507e-16
4 3 2 1.0737836512874e-16
4 3 2 6.1549522319626e-17
4 3 2 6.1095273602023e-17
4 3 2 6.0825328064851e-17
4 3 2 6.0335277729011e-17
4 3 2 2.2866046085845e-17
4 3 2 2.2733719781e-17
4 3 2 2.2613535121817e-17
4 3 2 2.2526826123508e-17
4 3 2 1.411096011412e-17
4 3 2 1.4016839762307e-17
4 3 2 1.3868881842677e-17
4 3 2 1.3740606868997e-17
4 3 2 1.0098272896431e-17
4 3 2 1.001960306763e-17
4 3 2 9.9560135554584e-18
4 3 2 9.8298296096762e-18
4 3 2 8.7591618102151e-18
4 3 2 8.6845521351114e-18
4 3 2 8.4560350496432e-18
4 3 2 8.344098846938e-18
4 3 2 5.6224894766552e-18
4 3 2 5.5420716834542e-18
4 3 2 5.4607884422107e-18
4 3 2 5.4294698868497e-18
4 3 2 4.6178768350463e-18
4 3 2 4.5942261729954e-18
4 3 2 4.5267141888015e-18
4 3 2 4.4180539037555e-18
4 3 2 3.4598710615595e-18
4 3 2 3.3736124946436e-18
4 3 2 3.3246420730926e-18
4 3 2 3.2143417063609e-18
4 3 2 2.1691432948937e-18
4 3 2 2.0936188142821e-18
4 3 2 2.013029725992e-18
4 3 2 1.9679639772333e-18
4 3 2 1.3412229880808e-18
4 3 2 1.2893776779002e-18
4 3 2 1.2277846266497e-18
4 3 2 1.1546166462421e-18
4 3 2 8.4335524296388e-19
4 3 2 7.9230135760057e-19
4 3 2 7.4520578300545e-19
4 3 2 6.9649343342795e-19
4 3 2 6.7322165802342e-19
4 3 2 6.3438232336409e-19
4 3 2 5.6998000301938e-19
4 3 2 5.1982092771854e-19
4 3 2 5.0566934798492e-19
4 3 2 4.8944617453157e-19
4 3 2 4.6104050966642e-19
4 3 2 4.1767369139754e-19
4 3 2 3.8937312848249e-19
4 3 2 3.6832722829935e-19
4 3 2 3.3613696487917e-19
4 3 2 2.9531754219783e-19
4 3 2 2.7733384285152e-19
4 3 2 2.51196355398e-19
4 3 2 2.1906539862433e-19
4 3 2 2.1436457027211e-19
4 3 2 1.9487098361322e-19
4 3 2 1.5337945330024e-19
4 3 2 1.3257162759848e-19
4 3 2 1.168690194074e-19
4 3 2 9.901217815648e-20
4 3 2 7.8244873033172e-20
4 3 2 5.233409849386e-20
4 3 2 3.1706265404142e-20
4 3 2 2.1980357995881e-21
4 3 2 -3.291582739141e-20
4 3 2 -1.1987327635462e-19
4 3 2 -1.7710227572767e-19
4 3 3 0.0024946906379852
4 3 3 0.0024946906107861
4 3 3 0.0024946905926804
4 3 3 0.0024946905650619
4 3 3 0.0022279614527784
4 3 3 0.0022279614426375
4 3 3 0.0022279614188157
4 3 3 0.0022279613882629
4 3 3 0.0019779007078856
4 3 3 0.0019779006700366
4 3 3 0.0019779006498353
4 3 3 0.0019779006276913
4 3 3 0.0016699167237471
4 3 3 0.001669916698764
4 3 3 0.001669916670417
4 3 3 0.0016699166454561
4 3 3 0.0015850604848435
4 3 3 0.001585060461225
4 3 3 0.001585060435884
4 3 3 0.0015850604308662
4 3 3 0.0014381518238161
4 3 3 0.001438151811371
4 3 3 0.0014381517856608
4 3 3 0.001438151772046
4 3 3 0.0012383766765013
4 3 3 0.0012383766684233
4 3 3 0.0012383766580245
4 3 3 0.0012383766378172
4 3 3 0.0010632831829167
4 3 3 0.0010632831737007
4 3 3 0.0010632831656393
4 3 3 0.0010632831471814
4 3 3 0.00085528104850792
4 3 3 0.00085528104114909
4 3 3 0.00085528103005273
4 3 3 0.00085528100542775
4 3 3 0.00064343288800113
4 3 3 0.00064343287027176
4 3 3 0.00064343286267236
4 3 3 0.00064343285173898
4 3 3 5.7258418625996e-13
4 3 3 5.7233795851767e-13
4 3 3 5.7216348961416e-13
4 3 3 5.7193596145759e-13
4 3 3 3.5100883912915e-13
4 3 3 3.5078408413134e-13
4 3 3 3.5070136697156e-13
4 3 3 3.5062863348805e-13
4 3 3 2.9674855985292e-13
4 3 3 2.9670502021644e-13
4 3 3 2.9655726547266e-13
4 3 3 2.9638492611184e-13
4 3 3 2.7364674430127e-13
4 3 3 2.735790136084e-13
4 3 3 2.7349286535853e-13
4 3 3 2.7333755893185e-13
4 3 3 2.4238838386054e-13
4 3 3 2.4228323690488e-13
4 3 3 2.4223139618068e-13
4 3 3 2.4210365754151e-13
4 3 3 2.1150422297838e-13
4 3 3 2.1146323995591e-13
4 3 3 2.1142807637943e-13
4 3 3 2.1131733897843e-13
4 3 3 1.8439912784637e-13
4 3 3 1.8431728509348e-13
4 3 3 1.8426957454366e-13
4 3 3 1.8422960621912e-13
4 3 3 1.6193659574743e-13
4 3 3 1.6192759900989e-13
4 3 3 1.6186394397629e-13
4 3 3 1.6179762395276e-13
4 3 3 1.326469775164e-13
4 3 3 1.326027461555e-13
4 3 3 1.3256516054392e-13
4 3 3 1.3243062503427e-13
4 3 3 1.0793952050564e-13
4 3 3 1.0792514396355e-13
4 3 3 1.0787538344916e-13
4 3 3 1.0783512818479e-13
4 3 3 9.3848624363899e-14
4 3 3 9.3838159840895e-14
4 3 3 9.3794590312145e-14
4 3 3 9.3733856971088e-14
4 3 3 8.6438874013992e-14
4 3 3 8.641455949271e-14
4 3 3 8.637180851243e-14
4 3 3 8.6349998487711e-14
4 3 3 6.5287680642216e-14
4 3 3 6.5245567021835e-14
4 3 3 6.5233790431069e-14
4 3 3 6.5201866550023e-14
4 3 3 5.9322208896896e-14
4 3 3 5.929550755528e-14
4 3 3 5.9280964080459e-14
4 3 3 5.9259825779978e-14
4 3 3 5.356226941208e-14
4 3 3 5.3523716420777e-14
4 3 3 5.3493482969178e-14
4 3 3 5.3466722461477e-14
4 3 3 5.1219199586171e-14
4 3 3 5.1204199568572e-14
4 3 3 5.120283090914e-14
4 3 3 5.1179268669915e-14
4 3 3 3.9840654120485e-14
4 3 3 3.9838004452707e-14
4 3 3 3.9814068153234e-14
4 3 3 3.9795473118008e-14
4 3 3 3.6559097040457e-14
4 3 3 3.6543626845032e-14
4 3 3 3.6534590884471e-14
4 3 3 3.6525515184784e-14
4 3 3 2.9682856899221e-14
4 3 3 2.9676138569579e-14
4 3 3 2.9667554007083e-14
4 3 3 2.9655881530171e-14
4 3 3 2.3140961543869e-14
4 3 3 2.3129285696015e-14
4 3 3 2.3114332259458e-14
4 3 3 2.3092321206576e-14
4 3 3 2.0495235940432e-14
4 3 3 2.0482373852484e-14
4 3 3 2.0472180180454e-14
4 3 3 2.0458500131277e-14
4 3 3 1.5859384773454e-14
4 3 3 1.5844347962835e-14
4 3 3 1.5831273268329e-14
4 3 3 1.5827890231009e-14
4 3 3 1.3614679813992e-14
4 3 3 1.3606624295562e-14
4 3 3 1.3596925276106e-14
4 3 3 1.3592772161834e-14
4 3 3 1.0263836335507e-14
4 3 3 1.0259134856032e-14
4 3 3 1.0253020233714e-14
4 3 3 1.0249623308428e-14
4 3 3 8.112561276456e-15
4 3 3 8.1068433761699e-15
4 3 3 8.1023564354945e-15
4 3 3 8.0992513099037e-15
4 3 3 7.0019929370247e-15
4 3 3 6.9955666320152e-15
4 3 3 6.9911190436493e-15
4 3 3 6.9847707655176e-15
4 3 3 3.3904329510974e-15
4 3 3 3.3880217144867e-15
4 3 3 3.384865981524e-15
4 3 3 3.3827978894703e-15
4 3 3 2.530747087203e-15
4 3 3 2.5294088308372e-15
4 3 3 2.5246762840339e-15
4 3 3 2.5212994390767e-15
4 3 3 1.7018204640766e-15
4 3 3 1.698453810781e-15
4 3 3 1.6957551733988e-15
4 3 3 1.6937758986043e-15
4 3 3 7.1849079309968e-16
4 3 3 7.1824369190963e-16
4 3 3 7.1754999759343e-16
4 3 3 7.1455860020762e-16
4 3 3 3.8125444733669e-16
4 3 3 3.8022926458376e-16
4 3 3 3.7909245831886e-16
4 3 3 3.7852401325651e-16
4 3 3 1.3109072857964e-16
4 3 3 1.3048278420432e-16
4 3 3 1.3023296575022e-16
4 3 3 1.2949953670947e-16
4 3 3 1.1050081178204e-16
4 3 3 1.0986944834452e-16
4 3 3 1.092819281288e-16
4 3 3 1.0817229667944e-16
4 3 3 3.211676262527e-17
4 3 3 3.1890925262961e-17
4 3 3 3.1676177519854e-17
4 3 3 3.1554511393576e-17
4 3 3 2.0339497626394e-17
4 3 3 2.0171449120739e-17
4 3 3 2.0013357392527e-17
4 3 3 1.9923271988582e-17
4 3 3 1.5449243641576e-17
4 3 3 1.5221716125712e-17
4 3 3 1.5144831031421e-17
4 3 3 1.492973346001e-17
4 3 3 1.0184836037702e-17
4 3 3 1.0066382786731e-17
4 3 3 1.0023711627884e-17
4 3 3 9.8702029910588e-18
4 3 3 7.0666619349879e-18
4 3 3 6.9696215010046e-18
4 3 3 6.8614709121854e-18
4 3 3 6.7193966596629e-18
4 3 3 6.4466461860856e-18
4 3 3 6.3075362082506e-18
4 3 3 6.2457591024293e-18
4 3 3 6.1846744227878e-18
4 3 3 3.4603724514153e-18
4 3 3 3.3076099900462e-18
4 3 3 3.2338000639266e-18
4 3 3 3.0986508717272e-18
4 3 3 2.830033763394e-18
4 3 3 2.752371473887e-18
4 3 3 2.691701616839e-18
4 3 3 2.5519002951299e-18
4 3 3 2.2335257520472e-18
4 3 3 2.1781321148526e-18
4 3 3 2.0506508034749e-18
4 3 3 2.0207039304028e-18
4 3 3 1.1147204518672e-18
4 3 3 1.015954425992e-18
4 3 3 9.8827432038621e-19
4 3 3 9.2256170540669e-19
4 3 3 8.5591212785348e-19
4 3 3 8.3911777483343e-19
4 3 3 7.3861964735493e-19
4 3 3 6.9898692205164e-19
4 3 3 6.6204223191675e-19
4 3 3 6.3961888963187e-19
4 3 3 5.7068108984442e-19
4 3 3 5.322566028758e-19
4 3 3 4.9256666286872e-19
4 3 3 4.3230164220925e-19
4 3 3 3.9708019807915e-19
4 3 3 3.4533630765237e-19
4 3 3 3.2288439917007e-19
4 3 3 2.9359545617334e-19
4 3 3 2.8102114418307e-19
4 3 3 2.5560412081088e-19
4 3 3 2.0911821285982e-19
4 3 3 1.886957016546e-19
4 3 3 1.3590518125359e-19
4 3 3 1.1962909862124e-19
4 3 3 1.1152743947134e-19
4 3 3 8.32510991895e-20
4 3 3 6.7612609661427e-20
4 3 3 3.3247641063279e-20
4 3 3 -1.6458381988402e-20
4 3 3 -4.9745086767476e-20
4 3 3 -1.2254819358287e-19
4 3 3 -1.7051490141775e-19
