#  N    Kx    Ky    lambda
4 0 0 0.0029351730105718
4 0 0 0.0029351730105718
4 0 0 0.002865940493916
4 0 0 0.0028616554011544
4 0 0 0.0028330404775461
4 0 0 0.0028330404775461
4 0 0 0.0027374039645078
4 0 0 0.0027365132444032
4 0 0 0.0023668574745404
4 0 0 0.0023217228530015
4 0 0 0.002288504602499
4 0 0 0.002288504602499
4 0 0 0.0020004300026929
4 0 0 0.0019734566167643
4 0 0 0.0019734566167643
4 0 0 0.0018799356451977
4 0 0 0.0017647472195843
4 0 0 0.0017460664390318
4 0 0 0.0017116337425825
4 0 0 0.0017116337425825
4 0 0 0.0016433039925604
4 0 0 0.0016217403952765
4 0 0 0.0016217403952765
4 0 0 0.0016087330272687
4 0 0 0.0015777195245569
4 0 0 0.0015770563171012
4 0 0 0.0015770563171012
4 0 0 0.001565634340912
4 0 0 0.001477384132212
4 0 0 0.0014015799822216
4 0 0 0.0014015799822216
4 0 0 0.001394490097133
4 0 0 0.0012749747886315
4 0 0 0.0012701255288348
4 0 0 0.0012684271278898
4 0 0 0.0012684271278898
4 0 0 0.001018229826475
4 0 0 0.00099955276185209
4 0 0 0.00099955276185209
4 0 0 0.00098015492786745
4 0 0 0.00093571351750555
4 0 0 0.00092514014945359
4 0 0 0.00092514014945359
4 0 0 0.00091389409057866
4 0 0 0.00081629287273417
4 0 0 0.00079794757148833
4 0 0 0.00079794757148832
4 0 0 0.0007691314151694
4 0 0 3.1573526285235e-06
4 0 0 2.0985892730827e-06
4 0 0 1.5022821221603e-06
4 0 0 1.5022821221599e-06
4 0 0 1.3271403571066e-06
4 0 0 1.2233861029383e-06
4 0 0 1.222018091004e-06
4 0 0 1.2220180910038e-06
4 0 0 1.1794193062922e-06
4 0 0 1.1794193062922e-06
4 0 0 1.1139056120318e-06
4 0 0 1.0683750782974e-06
4 0 0 7.1446638377005e-07
4 0 0 7.1446638376986e-07
4 0 0 6.4310656664278e-07
4 0 0 5.8036115152e-07
4 0 0 5.8036115151985e-07
4 0 0 5.3820508626861e-07
4 0 0 5.3799675176805e-07
4 0 0 5.1751017792043e-07
4 0 0 4.1975967183034e-07
4 0 0 4.0086440007976e-07
4 0 0 3.9792737485784e-07
4 0 0 3.9792737485766e-07
4 0 0 3.6836060217603e-07
4 0 0 3.6836060217593e-07
4 0 0 3.599326731379e-07
4 0 0 2.7965590684456e-07
4 0 0 2.7871810589606e-07
4 0 0 2.7374055128001e-07
4 0 0 2.6703354925241e-07
4 0 0 2.1768270403698e-07
4 0 0 2.1768270403694e-07
4 0 0 2.0491852104801e-07
4 0 0 2.0491852104791e-07
4 0 0 1.9029040806469e-07
4 0 0 1.6599198093174e-07
4 0 0 1.6599198093168e-07
4 0 0 1.5009363436344e-07
4 0 0 1.4111075337132e-07
4 0 0 1.4111075337129e-07
4 0 0 1.3699533664445e-07
4 0 0 1.369953366444e-07
4 0 0 1.2661671741002e-07
4 0 0 1.2582142287691e-07
4 0 0 1.2223668217008e-07
4 0 0 1.2210927029949e-07
4 0 0 1.1716454247362e-07
4 0 0 1.1452046228997e-07
4 0 0 1.0957428928031e-07
4 0 0 1.0957428928026e-07
4 0 0 1.0689166381411e-07
4 0 0 1.0689166381395e-07
4 0 0 7.9257534754371e-08
4 0 0 6.6741846592455e-08
4 0 0 6.3365873268564e-08
4 0 0 6.1812792617849e-08
4 0 0 6.1812792617794e-08
4 0 0 6.1753336500227e-08
4 0 0 6.1559756369879e-08
4 0 0 6.1302898016947e-08
4 0 0 6.1302898016883e-08
4 0 0 5.8259841919189e-08
4 0 0 5.825984191904e-08
4 0 0 5.7737925665651e-08
4 0 0 4.9885295322949e-08
4 0 0 4.7885236546599e-08
4 0 0 4.5887533859757e-08
4 0 0 4.5170799399008e-08
4 0 0 4.2132514712295e-08
4 0 0 4.2132514712192e-08
4 0 0 4.0997546608231e-08
4 0 0 4.043039853433e-08
4 0 0 3.7771143313703e-08
4 0 0 3.7771143313636e-08
4 0 0 3.6908475778767e-08
4 0 0 3.6178305975528e-08
4 0 0 3.5260075891713e-08
4 0 0 3.3741666128242e-08
4 0 0 3.3741666128162e-08
4 0 0 3.3227333618288e-08
4 0 0 3.2633105623081e-08
4 0 0 3.1770266028989e-08
4 0 0 3.11665093136e-08
4 0 0 3.116650931351e-08
4 0 0 2.7739369624466e-08
4 0 0 2.4173921851486e-08
4 0 0 2.4173921851419e-08
4 0 0 1.8325913548808e-08
4 0 0 1.7708744907746e-08
4 0 0 1.7708744907624e-08
4 0 0 1.6265649380548e-08
4 0 0 1.626564938047e-08
4 0 0 1.2066617781242e-08
4 0 0 1.1511748322036e-08
4 0 0 1.0937789289512e-08
4 0 0 1.0893013442576e-08
4 0 0 1.0893013442449e-08
4 0 0 1.0090984501839e-08
4 0 0 1.0090984501773e-08
4 0 0 9.4015921830371e-09
4 0 0 9.0409525740072e-09
4 0 0 7.719458049675e-09
4 0 0 7.3176658734419e-09
4 0 0 7.3176658733729e-09
4 0 0 6.2408682281207e-09
4 0 0 6.2408682280149e-09
4 0 0 6.0250605950657e-09
4 0 0 5.1125245666705e-09
4 0 0 5.112524566584e-09
4 0 0 5.0924749413868e-09
4 0 0 4.7615949711281e-09
4 0 0 4.3241801702103e-09
4 0 0 3.3474555383606e-09
4 0 0 3.3323464431116e-09
4 0 0 3.3323464430326e-09
4 0 0 3.2385391990377e-09
4 0 0 2.791976335661e-09
4 0 0 2.2984158659134e-09
4 0 0 2.2409637400584e-09
4 0 0 2.2236320090619e-09
4 0 0 1.7947949604472e-09
4 0 0 1.543370279868e-09
4 0 0 1.5433702798154e-09
4 0 0 1.4254570956135e-09
4 0 0 1.2849427638375e-09
4 0 0 1.2849427636624e-09
4 0 0 1.0529216336526e-09
4 0 0 1.0529216335564e-09
4 0 0 7.5726022348002e-10
4 0 0 7.2762640487588e-10
4 0 0 7.1297929186844e-10
4 0 0 5.6318607492388e-10
4 0 0 4.7309135141868e-10
4 0 0 3.4135864229491e-10
4 0 0 2.5670962137581e-10
4 0 0 2.2647131753648e-10
4 0 0 1.7505381895757e-10
4 0 0 1.7505381884556e-10
4 0 0 1.7019836368348e-10
4 0 0 1.5417638955802e-10
4 0 0 1.541763894595e-10
4 0 0 1.0996157399406e-10
4 0 0 9.9234194157914e-11
4 0 0 9.92341939217e-11
4 0 0 8.1928395494439e-11
4 0 0 7.4865215381609e-11
4 0 0 7.4865215339658e-11
4 0 0 6.9442535547082e-11
4 0 0 6.4295284840963e-11
4 0 0 6.3395385085631e-11
4 0 0 6.2013937089758e-11
4 0 0 6.2013936990851e-11
4 0 0 5.5589207022483e-11
4 0 0 4.7590351750212e-11
4 0 0 4.618072364237e-11
4 0 0 4.6180723561884e-11
4 0 0 4.471258245547e-11
4 0 0 4.0930345094275e-11
4 0 0 4.0930344968548e-11
4 0 0 3.8777642611802e-11
4 0 0 3.7479403262529e-11
4 0 0 3.7479403153368e-11
4 0 0 3.1007913581244e-11
4 0 0 3.1007913493785e-11
4 0 0 3.0740648989544e-11
4 0 0 2.8541638389429e-11
4 0 0 2.3238025566364e-11
4 0 0 2.097001995385e-11
4 0 0 2.0970019910837e-11
4 0 0 1.8750098200714e-11
4 0 0 1.8577826117329e-11
4 0 0 1.6595377116682e-11
4 0 0 1.6595377000498e-11
4 0 0 1.2240111908329e-11
4 0 0 1.2240111853662e-11
4 0 0 1.2239394037123e-11
4 0 0 1.1269040331267e-11
4 0 0 1.0045064148444e-11
4 0 0 8.5151495215243e-12
4 0 0 8.515149417096e-12
4 0 0 8.135277714476e-12
4 0 0 6.8234740954608e-12
4 0 0 6.823473975488e-12
4 0 0 4.8465193508604e-12
4 0 0 4.5923521897666e-12
4 0 0 4.5600355622765e-12
4 0 0 3.5731911810969e-12
4 0 0 3.1534926223093e-12
4 0 0 3.1534924574544e-12
4 0 0 2.1417128093069e-12
4 0 0 1.4432661167667e-12
4 0 0 1.2091071483371e-12
4 0 0 1.2091070185843e-12
4 0 0 1.1966776858841e-12
4 0 0 9.4183675042868e-13
4 0 0 7.8145029791081e-13
4 0 0 3.3479912842371e-13
4 0 0 3.3479903691372e-13
4 0 0 2.0401631877975e-13
4 0 0 6.886647730453e-15
4 0 0 6.8865209287377e-15
4 0 0 3.0803719704526e-15
4 0 0 1.8663108384165e-15
4 0 1 0.0028743536029866
4 0 1 0.0028639875315102
4 0 1 0.002860879224918
4 0 1 0.0027490533494796
4 0 1 0.0024748894810625
4 0 1 0.0024157856569661
4 0 1 0.0024006576638451
4 0 1 0.0023950394021457
4 0 1 0.0021065953880522
4 0 1 0.0020889282641508
4 0 1 0.0020669587058458
4 0 1 0.0020443963746083
4 0 1 0.0017668547331296
4 0 1 0.0017537898771256
4 0 1 0.0017293572050897
4 0 1 0.0017113595708773
4 0 1 0.0016074896171824
4 0 1 0.0015970805035226
4 0 1 0.0015876235461419
4 0 1 0.0015808015684128
4 0 1 0.0014926662378365
4 0 1 0.0014783859680328
4 0 1 0.001464849086182
4 0 1 0.0014569509979194
4 0 1 0.0013463542053929
4 0 1 0.001331816463175
4 0 1 0.0013279246955959
4 0 1 0.0013261873066018
4 0 1 0.0010674127768749
4 0 1 0.0010656637976717
4 0 1 0.0010634638443939
4 0 1 0.0010598242198113
4 0 1 0.00088152775281649
4 0 1 0.00087679126184166
4 0 1 0.00086342301233589
4 0 1 0.00086329979777863
4 0 1 0.00069161082514489
4 0 1 0.00069010111591254
4 0 1 0.00068508649126328
4 0 1 0.00068048311221278
4 0 1 2.1293949803619e-06
4 0 1 1.7928595865371e-06
4 0 1 1.5196773274953e-06
4 0 1 1.5033153889171e-06
4 0 1 1.4332014115819e-06
4 0 1 1.3211124032624e-06
4 0 1 1.2065879887967e-06
4 0 1 1.1184785770254e-06
4 0 1 9.2931045349464e-07
4 0 1 8.4241097943475e-07
4 0 1 8.0381276376513e-07
4 0 1 7.9108614001657e-07
4 0 1 6.4181056248481e-07
4 0 1 6.2537869200117e-07
4 0 1 6.1386414354405e-07
4 0 1 5.9264794262839e-07
4 0 1 4.9540273002876e-07
4 0 1 4.5518955609958e-07
4 0 1 4.4833871875794e-07
4 0 1 4.1839619965302e-07
4 0 1 3.1005045818108e-07
4 0 1 3.0409828548231e-07
4 0 1 2.9698792576418e-07
4 0 1 2.9182157164981e-07
4 0 1 2.9114770706441e-07
4 0 1 2.6311695654858e-07
4 0 1 2.3294557883499e-07
4 0 1 2.1462771488565e-07
4 0 1 2.0968618936241e-07
4 0 1 2.0307984076084e-07
4 0 1 1.9097193572726e-07
4 0 1 1.8030708326061e-07
4 0 1 1.7707532894323e-07
4 0 1 1.745149010173e-07
4 0 1 1.6104675502147e-07
4 0 1 1.5546843476403e-07
4 0 1 1.4931527976973e-07
4 0 1 1.4754731414796e-07
4 0 1 1.4290754010489e-07
4 0 1 1.389991600608e-07
4 0 1 1.2636782255999e-07
4 0 1 1.2533780012477e-07
4 0 1 1.2344892109678e-07
4 0 1 1.1944120076062e-07
4 0 1 1.066883193033e-07
4 0 1 1.0312194923734e-07
4 0 1 1.0186820677044e-07
4 0 1 1.0007157484835e-07
4 0 1 9.6240706265963e-08
4 0 1 9.3105383233885e-08
4 0 1 8.7919863385124e-08
4 0 1 8.3912419566893e-08
4 0 1 7.5438995220089e-08
4 0 1 7.4583072002448e-08
4 0 1 6.8321884051565e-08
4 0 1 6.8125427869494e-08
4 0 1 6.7900824575051e-08
4 0 1 6.4763920695771e-08
4 0 1 6.3634335173207e-08
4 0 1 6.3454257777731e-08
4 0 1 6.0653039946598e-08
4 0 1 5.4099915102313e-08
4 0 1 5.3723310012347e-08
4 0 1 5.3297797193829e-08
4 0 1 4.8635418488362e-08
4 0 1 4.6137946680545e-08
4 0 1 4.589522153085e-08
4 0 1 4.5365541797443e-08
4 0 1 4.4525723000234e-08
4 0 1 4.2377499558958e-08
4 0 1 4.0370593680639e-08
4 0 1 3.9485337352451e-08
4 0 1 3.6227448311729e-08
4 0 1 3.3556245395547e-08
4 0 1 3.2730729005202e-08
4 0 1 3.2593125276072e-08
4 0 1 3.2358576218205e-08
4 0 1 3.0144401072635e-08
4 0 1 2.9318635219198e-08
4 0 1 2.8295726417745e-08
4 0 1 2.8044355407171e-08
4 0 1 2.7777826269775e-08
4 0 1 2.7510927903336e-08
4 0 1 2.3509416672978e-08
4 0 1 2.338961956571e-08
4 0 1 2.2010651091187e-08
4 0 1 2.1635866990772e-08
4 0 1 2.1124640203148e-08
4 0 1 1.8338104996681e-08
4 0 1 1.7297581199167e-08
4 0 1 1.714220467546e-08
4 0 1 1.6161762366117e-08
4 0 1 1.5403010164439e-08
4 0 1 1.4534375562012e-08
4 0 1 1.3352701576511e-08
4 0 1 1.2642388782697e-08
4 0 1 1.1889634838442e-08
4 0 1 1.0911112506864e-08
4 0 1 1.0005762603257e-08
4 0 1 9.6578101645455e-09
4 0 1 7.7455149322971e-09
4 0 1 7.5051902028569e-09
4 0 1 6.814904744236e-09
4 0 1 6.3317256171758e-09
4 0 1 6.3175046179671e-09
4 0 1 6.0342450872694e-09
4 0 1 5.4340433884259e-09
4 0 1 5.0870358384869e-09
4 0 1 4.7419001266259e-09
4 0 1 4.4217643766224e-09
4 0 1 4.0174624019742e-09
4 0 1 3.4941426840674e-09
4 0 1 3.3564763162313e-09
4 0 1 3.2172762368606e-09
4 0 1 2.789391382781e-09
4 0 1 2.5556564542857e-09
4 0 1 2.460381707416e-09
4 0 1 2.3784238522316e-09
4 0 1 2.3048363744868e-09
4 0 1 1.9340481469867e-09
4 0 1 1.8192322838804e-09
4 0 1 1.61620720001e-09
4 0 1 1.595320512859e-09
4 0 1 1.4158740197054e-09
4 0 1 1.3364128759296e-09
4 0 1 1.1731308120215e-09
4 0 1 1.1089879861265e-09
4 0 1 1.009765348935e-09
4 0 1 8.9004704697896e-10
4 0 1 8.5068706188847e-10
4 0 1 8.2327958739911e-10
4 0 1 5.9452631259014e-10
4 0 1 1.5600137022222e-10
4 0 1 1.4910441399153e-10
4 0 1 1.4137965580674e-10
4 0 1 1.320615603658e-10
4 0 1 1.2989100372893e-10
4 0 1 1.2724412691536e-10
4 0 1 1.1187083032244e-10
4 0 1 1.0364818925093e-10
4 0 1 8.9152303875834e-11
4 0 1 8.6548580769663e-11
4 0 1 8.0666803371028e-11
4 0 1 7.471211897004e-11
4 0 1 7.2284417808163e-11
4 0 1 6.9880414975297e-11
4 0 1 6.4513645967215e-11
4 0 1 6.0155528629752e-11
4 0 1 5.1492919551247e-11
4 0 1 5.0596308877428e-11
4 0 1 4.9144501214818e-11
4 0 1 4.788210390752e-11
4 0 1 3.8019396295539e-11
4 0 1 3.7828299110536e-11
4 0 1 3.6978440767407e-11
4 0 1 3.661745620994e-11
4 0 1 3.5917584252954e-11
4 0 1 3.1949660830098e-11
4 0 1 2.8472033879494e-11
4 0 1 2.7384426575876e-11
4 0 1 2.6506551639396e-11
4 0 1 2.6486295642963e-11
4 0 1 2.3252041434901e-11
4 0 1 1.9554136916213e-11
4 0 1 1.8947756315162e-11
4 0 1 1.8492109476871e-11
4 0 1 1.7369472463021e-11
4 0 1 1.6789107113121e-11
4 0 1 1.6585366871878e-11
4 0 1 1.6269231153328e-11
4 0 1 1.4822110322725e-11
4 0 1 1.3675818736902e-11
4 0 1 1.3133992710562e-11
4 0 1 1.1559803960688e-11
4 0 1 1.0487669626559e-11
4 0 1 1.0218543257592e-11
4 0 1 9.9930252481025e-12
4 0 1 8.8762601058325e-12
4 0 1 8.6704183440694e-12
4 0 1 6.3224285032167e-12
4 0 1 6.0924884690416e-12
4 0 1 5.8845301184902e-12
4 0 1 4.8271178468389e-12
4 0 1 3.6564045718597e-12
4 0 1 3.6288689948761e-12
4 0 1 3.1264601320494e-12
4 0 1 2.4279080569789e-12
4 0 1 2.30533853969e-12
4 0 1 1.7861339523842e-12
4 0 1 1.5217593217715e-12
4 0 1 1.0712698812382e-12
4 0 1 9.9105775990386e-13
4 0 1 3.2410115793978e-13
4 0 1 2.6593247654026e-13
4 0 1 2.1683766940183e-13
4 0 1 1.2292630594398e-13
4 0 1 7.8021680969963e-15
4 0 1 6.6919497543534e-15
4 0 1 6.2383952276115e-15
4 0 1 5.8069431742395e-15
4 0 2 0.0028689634811023
4 0 2 0.0028689634811023
4 0 2 0.0028064788246433
4 0 2 0.0028064788246432
4 0 2 0.0024992267899901
4 0 2 0.00249922678999
4 0 2 0.0024087493750682
4 0 2 0.0024087493750682
4 0 2 0.001963934044561
4 0 2 0.001963934044561
4 0 2 0.0019571363010874
4 0 2 0.0019571363010874
4 0 2 0.0017897553724941
4 0 2 0.0017897553724941
4 0 2 0.0017458799445563
4 0 2 0.0017458799445563
4 0 2 0.0016058906879422
4 0 2 0.0016058906879422
4 0 2 0.0015836226969895
4 0 2 0.0015836226969895
4 0 2 0.0015111814189181
4 0 2 0.0015111814189181
4 0 2 0.0015056527187409
4 0 2 0.0015056527187409
4 0 2 0.0012787095913228
4 0 2 0.0012787095913228
4 0 2 0.0012747719673666
4 0 2 0.0012747719673666
4 0 2 0.0011168206077789
4 0 2 0.0011168206077789
4 0 2 0.0011062148186399
4 0 2 0.0011062148186399
4 0 2 0.00091214824224824
4 0 2 0.00091214824224823
4 0 2 0.00089381326005258
4 0 2 0.00089381326005258
4 0 2 0.00070962012318288
4 0 2 0.00070962012318287
4 0 2 0.00069216320812372
4 0 2 0.00069216320812371
4 0 2 0.00056969011618543
4 0 2 0.00056969011618543
4 0 2 0.00056706599817014
4 0 2 0.00056706599817014
4 0 2 1.7222242905251e-06
4 0 2 1.7222242905248e-06
4 0 2 1.5481024819687e-06
4 0 2 1.5481024819686e-06
4 0 2 1.5013629062827e-06
4 0 2 1.5013629062826e-06
4 0 2 1.3280583538632e-06
4 0 2 1.3280583538631e-06
4 0 2 1.0711905200891e-06
4 0 2 1.071190520089e-06
4 0 2 9.6200482727525e-07
4 0 2 9.6200482727509e-07
4 0 2 5.3349013520642e-07
4 0 2 5.3349013520627e-07
4 0 2 4.7936739323486e-07
4 0 2 4.7936739323477e-07
4 0 2 4.3666068675293e-07
4 0 2 4.3666068675276e-07
4 0 2 4.1407708110859e-07
4 0 2 4.1407708110852e-07
4 0 2 3.7124605891553e-07
4 0 2 3.7124605891543e-07
4 0 2 3.0662423871957e-07
4 0 2 3.0662423871952e-07
4 0 2 2.9254050742487e-07
4 0 2 2.9254050742471e-07
4 0 2 2.8162057138046e-07
4 0 2 2.8162057138037e-07
4 0 2 2.3184815803842e-07
4 0 2 2.3184815803838e-07
4 0 2 2.2451986472247e-07
4 0 2 2.245198647224e-07
4 0 2 1.9852740735002e-07
4 0 2 1.9852740734985e-07
4 0 2 1.9566808587558e-07
4 0 2 1.9566808587544e-07
4 0 2 1.7163823710243e-07
4 0 2 1.7163823710234e-07
4 0 2 1.6318542109659e-07
4 0 2 1.6318542109654e-07
4 0 2 1.5123750888717e-07
4 0 2 1.5123750888712e-07
4 0 2 1.4095719535499e-07
4 0 2 1.4095719535494e-07
4 0 2 1.3456292117557e-07
4 0 2 1.3456292117545e-07
4 0 2 1.2416618002468e-07
4 0 2 1.2416618002457e-07
4 0 2 1.1792044602817e-07
4 0 2 1.17920446028e-07
4 0 2 1.0551233837289e-07
4 0 2 1.0551233837283e-07
4 0 2 9.9416241319192e-08
4 0 2 9.9416241319107e-08
4 0 2 8.8300849022883e-08
4 0 2 8.8300849022638e-08
4 0 2 8.5941604420768e-08
4 0 2 8.5941604420731e-08
4 0 2 8.4511131639647e-08
4 0 2 8.4511131639542e-08
4 0 2 7.2733298452677e-08
4 0 2 7.2733298452562e-08
4 0 2 6.7839803044994e-08
4 0 2 6.7839803044883e-08
4 0 2 6.3159134545318e-08
4 0 2 6.3159134545209e-08
4 0 2 5.037657315553e-08
4 0 2 5.0376573155453e-08
4 0 2 4.8489617156341e-08
4 0 2 4.8489617156271e-08
4 0 2 4.641933284494e-08
4 0 2 4.6419332844865e-08
4 0 2 4.1274100562398e-08
4 0 2 4.1274100562266e-08
4 0 2 4.0812192845135e-08
4 0 2 4.0812192845047e-08
4 0 2 3.6845796363387e-08
4 0 2 3.6845796363225e-08
4 0 2 3.6744406131952e-08
4 0 2 3.6744406131849e-08
4 0 2 2.9926932223613e-08
4 0 2 2.9926932223538e-08
4 0 2 2.8822241943099e-08
4 0 2 2.8822241942983e-08
4 0 2 2.6180712641304e-08
4 0 2 2.6180712641258e-08
4 0 2 2.3551513154287e-08
4 0 2 2.3551513154189e-08
4 0 2 2.2612004711522e-08
4 0 2 2.2612004711476e-08
4 0 2 1.8405858142751e-08
4 0 2 1.8405858142718e-08
4 0 2 1.808432791287e-08
4 0 2 1.8084327912819e-08
4 0 2 1.5959765500565e-08
4 0 2 1.59597655005e-08
4 0 2 1.5262905432772e-08
4 0 2 1.5262905432742e-08
4 0 2 1.1321145616866e-08
4 0 2 1.1321145616803e-08
4 0 2 7.3849491013228e-09
4 0 2 7.384949101215e-09
4 0 2 7.2010352325515e-09
4 0 2 7.2010352324753e-09
4 0 2 6.0721742029407e-09
4 0 2 6.0721742028819e-09
4 0 2 5.0863344763579e-09
4 0 2 5.086334476308e-09
4 0 2 4.7462494561842e-09
4 0 2 4.7462494560992e-09
4 0 2 4.0485178469085e-09
4 0 2 4.0485178467818e-09
4 0 2 3.5617787001299e-09
4 0 2 3.5617787000264e-09
4 0 2 3.3343344634923e-09
4 0 2 3.3343344634577e-09
4 0 2 3.0320163113381e-09
4 0 2 3.0320163112435e-09
4 0 2 2.8326288462674e-09
4 0 2 2.8326288461612e-09
4 0 2 2.5566504168845e-09
4 0 2 2.5566504168381e-09
4 0 2 2.0147167031475e-09
4 0 2 2.0147167030969e-09
4 0 2 1.9664718783e-09
4 0 2 1.9664718782281e-09
4 0 2 1.1608112191185e-09
4 0 2 1.1608112190248e-09
4 0 2 1.0057653130203e-09
4 0 2 1.0057653129102e-09
4 0 2 7.8537411619585e-10
4 0 2 7.8537411612292e-10
4 0 2 1.9130753395816e-10
4 0 2 1.9130753384457e-10
4 0 2 1.296120268823e-10
4 0 2 1.2961202683733e-10
4 0 2 1.2780863547483e-10
4 0 2 1.2780863539299e-10
4 0 2 1.2385569821669e-10
4 0 2 1.2385569813062e-10
4 0 2 1.1024056632524e-10
4 0 2 1.1024056623059e-10
4 0 2 1.0111069141703e-10
4 0 2 1.0111069139304e-10
4 0 2 7.6768770739992e-11
4 0 2 7.676877059289e-11
4 0 2 7.2365130264979e-11
4 0 2 7.2365130188151e-11
4 0 2 6.473630836338e-11
4 0 2 6.4736308243905e-11
4 0 2 6.2945054024925e-11
4 0 2 6.2945053933982e-11
4 0 2 5.6684297181604e-11
4 0 2 5.6684297086974e-11
4 0 2 4.9567616022606e-11
4 0 2 4.9567615943458e-11
4 0 2 4.6373100453303e-11
4 0 2 4.6373100410694e-11
4 0 2 3.8583455604955e-11
4 0 2 3.8583455561196e-11
4 0 2 3.6513913584153e-11
4 0 2 3.6513913516866e-11
4 0 2 3.4035559086848e-11
4 0 2 3.4035559047485e-11
4 0 2 2.9044525503577e-11
4 0 2 2.9044525408675e-11
4 0 2 2.1405172108287e-11
4 0 2 2.1405172037444e-11
4 0 2 1.9667219290867e-11
4 0 2 1.9667219225389e-11
4 0 2 1.9613997768134e-11
4 0 2 1.9613997718998e-11
4 0 2 1.7801475824351e-11
4 0 2 1.7801475754444e-11
4 0 2 1.5964915347304e-11
4 0 2 1.5964915252429e-11
4 0 2 1.3409155842162e-11
4 0 2 1.3409155814114e-11
4 0 2 1.1124755918697e-11
4 0 2 1.1124755852616e-11
4 0 2 9.0078158995273e-12
4 0 2 9.0078157856228e-12
4 0 2 8.4166526593898e-12
4 0 2 8.4166525610638e-12
4 0 2 7.6069454694815e-12
4 0 2 7.6069454055241e-12
4 0 2 3.1424466355224e-12
4 0 2 3.142446588215e-12
4 0 2 2.7228187429443e-12
4 0 2 2.722818589763e-12
4 0 2 2.5641610662087e-12
4 0 2 2.5641609774445e-12
4 0 2 2.3057625149406e-12
4 0 2 2.3057624562295e-12
4 0 2 1.2062405872495e-12
4 0 2 1.2062405414489e-12
4 0 2 2.0762549968925e-13
4 0 2 2.0762538451045e-13
4 0 2 1.7076751590125e-13
4 0 2 1.707673837838e-13
4 0 2 7.798094959486e-15
4 0 2 7.7980515249186e-15
4 0 2 5.3761345270594e-15
4 0 2 5.3760675740993e-15
4 0 3 0.0028743536029866
4 0 3 0.0028639875315102
4 0 3 0.002860879224918
4 0 3 0.0027490533494796
4 0 3 0.0024748894810625
4 0 3 0.0024157856569661
4 0 3 0.0024006576638451
4 0 3 0.0023950394021457
4 0 3 0.0021065953880522
4 0 3 0.0020889282641508
4 0 3 0.0020669587058458
4 0 3 0.0020443963746083
4 0 3 0.0017668547331296
4 0 3 0.0017537898771256
4 0 3 0.0017293572050897
4 0 3 0.0017113595708773
4 0 3 0.0016074896171824
4 0 3 0.0015970805035226
4 0 3 0.0015876235461419
4 0 3 0.0015808015684128
4 0 3 0.0014926662378365
4 0 3 0.0014783859680328
4 0 3 0.001464849086182
4 0 3 0.0014569509979194
4 0 3 0.0013463542053929
4 0 3 0.001331816463175
4 0 3 0.0013279246955959
4 0 3 0.0013261873066018
4 0 3 0.0010674127768749
4 0 3 0.0010656637976717
4 0 3 0.0010634638443939
4 0 3 0.0010598242198113
4 0 3 0.00088152775281649
4 0 3 0.00087679126184166
4 0 3 0.00086342301233589
4 0 3 0.00086329979777862
4 0 3 0.00069161082514489
4 0 3 0.00069010111591254
4 0 3 0.00068508649126328
4 0 3 0.00068048311221278
4 0 3 2.1293949803617e-06
4 0 3 1.7928595865374e-06
4 0 3 1.5196773274953e-06
4 0 3 1.5033153889171e-06
4 0 3 1.4332014115816e-06
4 0 3 1.3211124032622e-06
4 0 3 1.2065879887966e-06
4 0 3 1.1184785770255e-06
4 0 3 9.2931045349467e-07
4 0 3 8.4241097943479e-07
4 0 3 8.038127637651e-07
4 0 3 7.9108614001665e-07
4 0 3 6.4181056248476e-07
4 0 3 6.2537869200113e-07
4 0 3 6.1386414354404e-07
4 0 3 5.9264794262839e-07
4 0 3 4.9540273002871e-07
4 0 3 4.5518955609958e-07
4 0 3 4.4833871875794e-07
4 0 3 4.1839619965298e-07
4 0 3 3.1005045818107e-07
4 0 3 3.040982854823e-07
4 0 3 2.9698792576421e-07
4 0 3 2.9182157164981e-07
4 0 3 2.911477070644e-07
4 0 3 2.6311695654858e-07
4 0 3 2.3294557883511e-07
4 0 3 2.1462771488565e-07
4 0 3 2.0968618936243e-07
4 0 3 2.0307984076088e-07
4 0 3 1.9097193572727e-07
4 0 3 1.8030708326065e-07
4 0 3 1.7707532894324e-07
4 0 3 1.7451490101731e-07
4 0 3 1.6104675502144e-07
4 0 3 1.554684347641e-07
4 0 3 1.4931527976966e-07
4 0 3 1.4754731414798e-07
4 0 3 1.429075401049e-07
4 0 3 1.3899916006076e-07
4 0 3 1.2636782256001e-07
4 0 3 1.2533780012471e-07
4 0 3 1.2344892109682e-07
4 0 3 1.1944120076062e-07
4 0 3 1.0668831930326e-07
4 0 3 1.0312194923739e-07
4 0 3 1.0186820677043e-07
4 0 3 1.0007157484829e-07
4 0 3 9.6240706265948e-08
4 0 3 9.3105383233916e-08
4 0 3 8.7919863385101e-08
4 0 3 8.3912419566878e-08
4 0 3 7.5438995220015e-08
4 0 3 7.4583072002413e-08
4 0 3 6.8321884051651e-08
4 0 3 6.8125427869501e-08
4 0 3 6.79008245751e-08
4 0 3 6.4763920695777e-08
4 0 3 6.3634335173223e-08
4 0 3 6.3454257777744e-08
4 0 3 6.0653039946627e-08
4 0 3 5.4099915102322e-08
4 0 3 5.3723310012415e-08
4 0 3 5.3297797193784e-08
4 0 3 4.8635418488319e-08
4 0 3 4.6137946680514e-08
4 0 3 4.5895221530936e-08
4 0 3 4.5365541797539e-08
4 0 3 4.4525723000243e-08
4 0 3 4.2377499558948e-08
4 0 3 4.0370593680633e-08
4 0 3 3.9485337352509e-08
4 0 3 3.6227448311776e-08
4 0 3 3.3556245395517e-08
4 0 3 3.2730729005181e-08
4 0 3 3.2593125276077e-08
4 0 3 3.2358576218329e-08
4 0 3 3.0144401072676e-08
4 0 3 2.9318635219196e-08
4 0 3 2.8295726417771e-08
4 0 3 2.8044355407197e-08
4 0 3 2.7777826269793e-08
4 0 3 2.7510927903338e-08
4 0 3 2.3509416672999e-08
4 0 3 2.3389619565737e-08
4 0 3 2.2010651091172e-08
4 0 3 2.1635866990791e-08
4 0 3 2.1124640203193e-08
4 0 3 1.8338104996685e-08
4 0 3 1.7297581199168e-08
4 0 3 1.7142204675531e-08
4 0 3 1.6161762366198e-08
4 0 3 1.5403010164436e-08
4 0 3 1.4534375562019e-08
4 0 3 1.335270157648e-08
4 0 3 1.264238878274e-08
4 0 3 1.1889634838429e-08
4 0 3 1.0911112506943e-08
4 0 3 1.0005762603206e-08
4 0 3 9.6578101645767e-09
4 0 3 7.745514932323e-09
4 0 3 7.5051902028052e-09
4 0 3 6.8149047441857e-09
4 0 3 6.3317256171673e-09
4 0 3 6.3175046180117e-09
4 0 3 6.0342450873281e-09
4 0 3 5.4340433884097e-09
4 0 3 5.0870358384286e-09
4 0 3 4.7419001266134e-09
4 0 3 4.4217643766296e-09
4 0 3 4.0174624020883e-09
4 0 3 3.4941426840698e-09
4 0 3 3.3564763162134e-09
4 0 3 3.2172762369032e-09
4 0 3 2.7893913827687e-09
4 0 3 2.5556564543912e-09
4 0 3 2.4603817074416e-09
4 0 3 2.3784238521306e-09
4 0 3 2.3048363745261e-09
4 0 3 1.9340481469448e-09
4 0 3 1.8192322838721e-09
4 0 3 1.6162072000389e-09
4 0 3 1.5953205128353e-09
4 0 3 1.4158740196794e-09
4 0 3 1.3364128758841e-09
4 0 3 1.1731308120207e-09
4 0 3 1.1089879861885e-09
4 0 3 1.0097653489572e-09
4 0 3 8.9004704704757e-10
4 0 3 8.50687061799e-10
4 0 3 8.2327958738398e-10
4 0 3 5.9452631260015e-10
4 0 3 1.5600137023197e-10
4 0 3 1.4910441400534e-10
4 0 3 1.4137965581427e-10
4 0 3 1.3206156035387e-10
4 0 3 1.2989100365734e-10
4 0 3 1.2724412687694e-10
4 0 3 1.1187083042478e-10
4 0 3 1.0364818929361e-10
4 0 3 8.9152303849781e-11
4 0 3 8.6548580808434e-11
4 0 3 8.0666803432859e-11
4 0 3 7.4712119014673e-11
4 0 3 7.2284417880516e-11
4 0 3 6.9880414959338e-11
4 0 3 6.4513646000184e-11
4 0 3 6.0155528639604e-11
4 0 3 5.1492919531927e-11
4 0 3 5.0596308986672e-11
4 0 3 4.9144501197358e-11
4 0 3 4.7882103944655e-11
4 0 3 3.8019396306817e-11
4 0 3 3.7828299049043e-11
4 0 3 3.6978440858512e-11
4 0 3 3.6617456207176e-11
4 0 3 3.5917584247792e-11
4 0 3 3.1949660818919e-11
4 0 3 2.8472033827239e-11
4 0 3 2.738442657775e-11
4 0 3 2.650655169433e-11
4 0 3 2.6486295574284e-11
4 0 3 2.3252041512671e-11
4 0 3 1.9554136911977e-11
4 0 3 1.8947756361103e-11
4 0 3 1.8492109582909e-11
4 0 3 1.7369472416323e-11
4 0 3 1.6789107111362e-11
4 0 3 1.6585366828066e-11
4 0 3 1.6269231161345e-11
4 0 3 1.4822110350494e-11
4 0 3 1.3675818731159e-11
4 0 3 1.313399273941e-11
4 0 3 1.1559803921408e-11
4 0 3 1.0487669684091e-11
4 0 3 1.0218543292624e-11
4 0 3 9.9930253516629e-12
4 0 3 8.8762601114132e-12
4 0 3 8.6704184292007e-12
4 0 3 6.3224285314201e-12
4 0 3 6.0924885775712e-12
4 0 3 5.8845301556476e-12
4 0 3 4.8271178488615e-12
4 0 3 3.6564045357288e-12
4 0 3 3.6288690614628e-12
4 0 3 3.1264601144086e-12
4 0 3 2.4279080375032e-12
4 0 3 2.3053384676746e-12
4 0 3 1.7861339439851e-12
4 0 3 1.521759292334e-12
4 0 3 1.0712698781448e-12
4 0 3 9.9105779625121e-13
4 0 3 3.2410121921773e-13
4 0 3 2.6593251609589e-13
4 0 3 2.1683766012314e-13
4 0 3 1.2292629479085e-13
4 0 3 7.8021730474418e-15
4 0 3 6.6919309299668e-15
4 0 3 6.2383696077082e-15
4 0 3 5.8069622915917e-15
4 1 0 0.0028743536029866
4 1 0 0.0028639875315102
4 1 0 0.002860879224918
4 1 0 0.0027490533494796
4 1 0 0.0024748894810625
4 1 0 0.0024157856569661
4 1 0 0.0024006576638451
4 1 0 0.0023950394021457
4 1 0 0.0021065953880522
4 1 0 0.0020889282641508
4 1 0 0.0020669587058458
4 1 0 0.0020443963746083
4 1 0 0.0017668547331296
4 1 0 0.0017537898771256
4 1 0 0.0017293572050897
4 1 0 0.0017113595708774
4 1 0 0.0016074896171824
4 1 0 0.0015970805035226
4 1 0 0.0015876235461419
4 1 0 0.0015808015684128
4 1 0 0.0014926662378365
4 1 0 0.0014783859680328
4 1 0 0.001464849086182
4 1 0 0.0014569509979194
4 1 0 0.0013463542053929
4 1 0 0.001331816463175
4 1 0 0.0013279246955959
4 1 0 0.0013261873066018
4 1 0 0.0010674127768749
4 1 0 0.0010656637976717
4 1 0 0.0010634638443939
4 1 0 0.0010598242198113
4 1 0 0.00088152775281649
4 1 0 0.00087679126184166
4 1 0 0.00086342301233589
4 1 0 0.00086329979777863
4 1 0 0.0006916108251449
4 1 0 0.00069010111591254
4 1 0 0.00068508649126328
4 1 0 0.00068048311221278
4 1 0 2.1293949803618e-06
4 1 0 1.792859586537e-06
4 1 0 1.5196773274954e-06
4 1 0 1.5033153889171e-06
4 1 0 1.4332014115818e-06
4 1 0 1.3211124032623e-06
4 1 0 1.2065879887966e-06
4 1 0 1.1184785770253e-06
4 1 0 9.2931045349471e-07
4 1 0 8.4241097943468e-07
4 1 0 8.0381276376517e-07
4 1 0 7.9108614001659e-07
4 1 0 6.4181056248487e-07
4 1 0 6.2537869200118e-07
4 1 0 6.1386414354406e-07
4 1 0 5.9264794262836e-07
4 1 0 4.9540273002872e-07
4 1 0 4.5518955609957e-07
4 1 0 4.4833871875789e-07
4 1 0 4.1839619965299e-07
4 1 0 3.1005045818112e-07
4 1 0 3.0409828548232e-07
4 1 0 2.9698792576426e-07
4 1 0 2.9182157164981e-07
4 1 0 2.9114770706436e-07
4 1 0 2.6311695654859e-07
4 1 0 2.3294557883508e-07
4 1 0 2.1462771488573e-07
4 1 0 2.0968618936247e-07
4 1 0 2.0307984076087e-07
4 1 0 1.9097193572724e-07
4 1 0 1.8030708326055e-07
4 1 0 1.770753289432e-07
4 1 0 1.7451490101738e-07
4 1 0 1.6104675502142e-07
4 1 0 1.5546843476401e-07
4 1 0 1.4931527976963e-07
4 1 0 1.475473141479e-07
4 1 0 1.4290754010486e-07
4 1 0 1.3899916006079e-07
4 1 0 1.2636782256002e-07
4 1 0 1.2533780012474e-07
4 1 0 1.2344892109683e-07
4 1 0 1.1944120076068e-07
4 1 0 1.0668831930328e-07
4 1 0 1.031219492374e-07
4 1 0 1.0186820677041e-07
4 1 0 1.0007157484839e-07
4 1 0 9.6240706266018e-08
4 1 0 9.3105383233864e-08
4 1 0 8.7919863385244e-08
4 1 0 8.3912419566907e-08
4 1 0 7.5438995220066e-08
4 1 0 7.4583072002375e-08
4 1 0 6.8321884051658e-08
4 1 0 6.8125427869488e-08
4 1 0 6.7900824574993e-08
4 1 0 6.4763920695715e-08
4 1 0 6.3634335173247e-08
4 1 0 6.3454257777723e-08
4 1 0 6.0653039946673e-08
4 1 0 5.4099915102335e-08
4 1 0 5.3723310012337e-08
4 1 0 5.3297797193721e-08
4 1 0 4.8635418488304e-08
4 1 0 4.6137946680518e-08
4 1 0 4.589522153098e-08
4 1 0 4.5365541797452e-08
4 1 0 4.4525723000208e-08
4 1 0 4.2377499558989e-08
4 1 0 4.0370593680635e-08
4 1 0 3.9485337352497e-08
4 1 0 3.6227448311833e-08
4 1 0 3.3556245395479e-08
4 1 0 3.2730729005223e-08
4 1 0 3.2593125276044e-08
4 1 0 3.2358576218297e-08
4 1 0 3.0144401072603e-08
4 1 0 2.9318635219214e-08
4 1 0 2.829572641774e-08
4 1 0 2.8044355407164e-08
4 1 0 2.777782626989e-08
4 1 0 2.7510927903328e-08
4 1 0 2.3509416672958e-08
4 1 0 2.3389619565681e-08
4 1 0 2.2010651091221e-08
4 1 0 2.1635866990761e-08
4 1 0 2.1124640203231e-08
4 1 0 1.833810499676e-08
4 1 0 1.7297581199175e-08
4 1 0 1.7142204675496e-08
4 1 0 1.6161762366196e-08
4 1 0 1.5403010164475e-08
4 1 0 1.4534375562048e-08
4 1 0 1.3352701576566e-08
4 1 0 1.2642388782709e-08
4 1 0 1.1889634838326e-08
4 1 0 1.0911112506984e-08
4 1 0 1.000576260329e-08
4 1 0 9.6578101645076e-09
4 1 0 7.7455149322377e-09
4 1 0 7.5051902027964e-09
4 1 0 6.8149047441698e-09
4 1 0 6.3317256171721e-09
4 1 0 6.3175046180122e-09
4 1 0 6.0342450873328e-09
4 1 0 5.4340433884563e-09
4 1 0 5.0870358383242e-09
4 1 0 4.7419001266354e-09
4 1 0 4.4217643766237e-09
4 1 0 4.0174624020842e-09
4 1 0 3.4941426841159e-09
4 1 0 3.3564763162183e-09
4 1 0 3.2172762369028e-09
4 1 0 2.7893913827264e-09
4 1 0 2.5556564544068e-09
4 1 0 2.4603817074722e-09
4 1 0 2.3784238521151e-09
4 1 0 2.3048363744927e-09
4 1 0 1.9340481468706e-09
4 1 0 1.8192322838849e-09
4 1 0 1.6162072000888e-09
4 1 0 1.5953205128555e-09
4 1 0 1.4158740196562e-09
4 1 0 1.3364128758599e-09
4 1 0 1.1731308120114e-09
4 1 0 1.1089879861968e-09
4 1 0 1.0097653489458e-09
4 1 0 8.9004704701261e-10
4 1 0 8.5068706192707e-10
4 1 0 8.2327958741498e-10
4 1 0 5.9452631255324e-10
4 1 0 1.5600137014268e-10
4 1 0 1.4910441399658e-10
4 1 0 1.4137965582247e-10
4 1 0 1.3206156040141e-10
4 1 0 1.2989100372889e-10
4 1 0 1.272441269017e-10
4 1 0 1.1187083034255e-10
4 1 0 1.0364818918576e-10
4 1 0 8.9152303852084e-11
4 1 0 8.6548580764017e-11
4 1 0 8.066680344359e-11
4 1 0 7.4712118906577e-11
4 1 0 7.2284417810211e-11
4 1 0 6.9880414922506e-11
4 1 0 6.4513645925563e-11
4 1 0 6.0155528635769e-11
4 1 0 5.149291953886e-11
4 1 0 5.0596308894867e-11
4 1 0 4.9144501260893e-11
4 1 0 4.7882103833658e-11
4 1 0 3.8019396297716e-11
4 1 0 3.7828299031001e-11
4 1 0 3.6978440785031e-11
4 1 0 3.6617456180542e-11
4 1 0 3.591758422744e-11
4 1 0 3.1949660836365e-11
4 1 0 2.8472033791592e-11
4 1 0 2.7384426611442e-11
4 1 0 2.6506551629559e-11
4 1 0 2.6486295628826e-11
4 1 0 2.3252041470957e-11
4 1 0 1.9554136948326e-11
4 1 0 1.8947756345801e-11
4 1 0 1.8492109548333e-11
4 1 0 1.7369472485336e-11
4 1 0 1.6789107107268e-11
4 1 0 1.6585366843405e-11
4 1 0 1.6269231132836e-11
4 1 0 1.4822110365697e-11
4 1 0 1.3675818738417e-11
4 1 0 1.3133992703211e-11
4 1 0 1.1559803888598e-11
4 1 0 1.0487669667928e-11
4 1 0 1.0218543300144e-11
4 1 0 9.993025282486e-12
4 1 0 8.8762600191554e-12
4 1 0 8.6704184018512e-12
4 1 0 6.3224284582773e-12
4 1 0 6.092488537507e-12
4 1 0 5.8845301790456e-12
4 1 0 4.8271177887181e-12
4 1 0 3.6564045373644e-12
4 1 0 3.6288690098544e-12
4 1 0 3.1264601122295e-12
4 1 0 2.4279080137252e-12
4 1 0 2.3053384795607e-12
4 1 0 1.7861339945674e-12
4 1 0 1.5217593591474e-12
4 1 0 1.0712698192639e-12
4 1 0 9.9105774797852e-13
4 1 0 3.2410119546627e-13
4 1 0 2.6593256730296e-13
4 1 0 2.1683757862034e-13
4 1 0 1.229262709414e-13
4 1 0 7.8021477675375e-15
4 1 0 6.6919744934251e-15
4 1 0 6.2383189077918e-15
4 1 0 5.8069693349927e-15
4 1 1 0.0025212215786509
4 1 1 0.0024862054602051
4 1 1 0.0024862054602051
4 1 1 0.0024386411306599
4 1 1 0.0022323389674525
4 1 1 0.0022168417664374
4 1 1 0.0021824944999659
4 1 1 0.0021824944999658
4 1 1 0.0019586708991962
4 1 1 0.0019297076193313
4 1 1 0.0019297076193313
4 1 1 0.0018841936031284
4 1 1 0.0016368185135275
4 1 1 0.0016340534940565
4 1 1 0.0016244771411805
4 1 1 0.0016244771411804
4 1 1 0.0015814876239138
4 1 1 0.0015770827054483
4 1 1 0.0015673846106766
4 1 1 0.0015673846106766
4 1 1 0.001438796364633
4 1 1 0.0014307248489407
4 1 1 0.0014307248489407
4 1 1 0.0014183245446988
4 1 1 0.0012610342709528
4 1 1 0.0012511252223422
4 1 1 0.0012511252223422
4 1 1 0.001249216131959
4 1 1 0.0010916561300171
4 1 1 0.0010762389719708
4 1 1 0.0010762389719707
4 1 1 0.0010535163840813
4 1 1 0.00086032148496339
4 1 1 0.00084735981208539
4 1 1 0.00084735981208539
4 1 1 0.0008408830049338
4 1 1 0.00066547571010772
4 1 1 0.00064937384443706
4 1 1 0.00064937384443706
4 1 1 0.00063167222571716
4 1 1 1.8834400529458e-06
4 1 1 1.575828104426e-06
4 1 1 1.5758281044257e-06
4 1 1 1.4848691899699e-06
4 1 1 1.1316283348499e-06
4 1 1 1.1316283348497e-06
4 1 1 1.0653104392718e-06
4 1 1 9.868658858707e-07
4 1 1 9.7859590498596e-07
4 1 1 9.7859590498581e-07
4 1 1 9.3794447966826e-07
4 1 1 8.4012071678904e-07
4 1 1 7.1168582335783e-07
4 1 1 7.1168582335771e-07
4 1 1 6.6948640337362e-07
4 1 1 6.6341817277904e-07
4 1 1 4.6327629952601e-07
4 1 1 4.632762995259e-07
4 1 1 4.6094231210474e-07
4 1 1 4.0562804496177e-07
4 1 1 3.8898256720316e-07
4 1 1 3.8898256720308e-07
4 1 1 3.5663912995751e-07
4 1 1 3.3552308606548e-07
4 1 1 2.6929883575055e-07
4 1 1 2.6499006036007e-07
4 1 1 2.6499006035996e-07
4 1 1 2.5411508262433e-07
4 1 1 2.3989879345918e-07
4 1 1 2.3036944040027e-07
4 1 1 2.0766661206895e-07
4 1 1 2.0766661206889e-07
4 1 1 1.996897450479e-07
4 1 1 1.7254991233277e-07
4 1 1 1.6654354321388e-07
4 1 1 1.6654354321385e-07
4 1 1 1.6322497662746e-07
4 1 1 1.5584066978535e-07
4 1 1 1.4981557289926e-07
4 1 1 1.4981557289919e-07
4 1 1 1.3872622764668e-07
4 1 1 1.3096012680505e-07
4 1 1 1.3006540775095e-07
4 1 1 1.2341100076683e-07
4 1 1 1.2341100076674e-07
4 1 1 1.1638366590291e-07
4 1 1 1.0755189922029e-07
4 1 1 1.0755189922023e-07
4 1 1 1.0421054205032e-07
4 1 1 1.0143244568729e-07
4 1 1 9.903399979529e-08
4 1 1 9.9033999795213e-08
4 1 1 9.2802571028286e-08
4 1 1 8.4034474957074e-08
4 1 1 8.4034474957041e-08
4 1 1 8.1117699273626e-08
4 1 1 7.8935645395682e-08
4 1 1 7.1465827941624e-08
4 1 1 7.0615409323432e-08
4 1 1 6.7077693922574e-08
4 1 1 6.7077693922475e-08
4 1 1 6.4688602905436e-08
4 1 1 6.3402676708531e-08
4 1 1 6.3402676708435e-08
4 1 1 6.2275759729027e-08
4 1 1 5.9159336575229e-08
4 1 1 5.5958304498012e-08
4 1 1 5.5958304497954e-08
4 1 1 5.5130271330032e-08
4 1 1 5.1576559919477e-08
4 1 1 4.8970381145706e-08
4 1 1 4.8970381145642e-08
4 1 1 4.3821518636482e-08
4 1 1 4.2303120511382e-08
4 1 1 4.2303120511364e-08
4 1 1 4.2293962267726e-08
4 1 1 3.6672799711931e-08
4 1 1 3.6559971647598e-08
4 1 1 3.6559971647506e-08
4 1 1 3.5455652849876e-08
4 1 1 3.2926065706792e-08
4 1 1 3.2926065706744e-08
4 1 1 3.0386524183363e-08
4 1 1 2.7916881160851e-08
4 1 1 2.6857726321665e-08
4 1 1 2.3781803721743e-08
4 1 1 2.3781803721681e-08
4 1 1 2.2050753852998e-08
4 1 1 1.9731533173072e-08
4 1 1 1.9731533172964e-08
4 1 1 1.8229704438109e-08
4 1 1 1.548463168659e-08
4 1 1 1.470012052319e-08
4 1 1 1.4700120523139e-08
4 1 1 1.4431075633379e-08
4 1 1 1.356349106117e-08
4 1 1 1.1509993079794e-08
4 1 1 1.1509993079722e-08
4 1 1 1.1205370307643e-08
4 1 1 7.9243548590898e-09
4 1 1 7.9032713093626e-09
4 1 1 6.9753380212378e-09
4 1 1 6.4257561538295e-09
4 1 1 6.4257561537588e-09
4 1 1 5.8707997656239e-09
4 1 1 5.2674516737194e-09
4 1 1 4.974808236453e-09
4 1 1 4.6929491577835e-09
4 1 1 4.6929491576875e-09
4 1 1 4.6915442998549e-09
4 1 1 4.0307488088213e-09
4 1 1 4.0307488087023e-09
4 1 1 3.7326829678438e-09
4 1 1 3.0616840009043e-09
4 1 1 3.0616840008645e-09
4 1 1 2.7405294240475e-09
4 1 1 2.7129171912381e-09
4 1 1 2.3817227318756e-09
4 1 1 2.1895459410257e-09
4 1 1 2.1895459409772e-09
4 1 1 1.5723701400699e-09
4 1 1 1.5723701399378e-09
4 1 1 1.4996833756799e-09
4 1 1 1.3399884429079e-09
4 1 1 1.339988442872e-09
4 1 1 1.2655729338955e-09
4 1 1 1.2580014080953e-09
4 1 1 9.7146681325056e-10
4 1 1 7.9420739776096e-10
4 1 1 7.9420739773406e-10
4 1 1 7.9119374919864e-10
4 1 1 6.413474790187e-10
4 1 1 1.6648237327515e-10
4 1 1 1.6648237320885e-10
4 1 1 1.5719049565291e-10
4 1 1 1.5326795939559e-10
4 1 1 1.339510181453e-10
4 1 1 1.3395101803475e-10
4 1 1 1.3002567773258e-10
4 1 1 1.1351270561626e-10
4 1 1 1.0509715221885e-10
4 1 1 1.0509715216212e-10
4 1 1 9.6351317653158e-11
4 1 1 8.6320850753044e-11
4 1 1 7.8819590271088e-11
4 1 1 7.8819590177888e-11
4 1 1 7.5937352733926e-11
4 1 1 5.8990761265594e-11
4 1 1 5.8514931867306e-11
4 1 1 5.6708079912048e-11
4 1 1 5.6708079873421e-11
4 1 1 5.3054833967284e-11
4 1 1 5.2100754201763e-11
4 1 1 5.2100754162279e-11
4 1 1 5.1183025963048e-11
4 1 1 4.2684048726493e-11
4 1 1 4.1459050794563e-11
4 1 1 3.5347651579819e-11
4 1 1 3.5115112313163e-11
4 1 1 3.5115112250747e-11
4 1 1 3.3750593120643e-11
4 1 1 3.162907764978e-11
4 1 1 3.1629077570375e-11
4 1 1 3.1124859622656e-11
4 1 1 2.4669814150372e-11
4 1 1 2.4669814103086e-11
4 1 1 2.3022426707256e-11
4 1 1 2.2369984126822e-11
4 1 1 1.9748204354802e-11
4 1 1 1.7217525332842e-11
4 1 1 1.7217525270346e-11
4 1 1 1.7130484823482e-11
4 1 1 1.6323180167185e-11
4 1 1 1.1557000677584e-11
4 1 1 1.1557000603448e-11
4 1 1 1.1236224525705e-11
4 1 1 9.7719689337658e-12
4 1 1 8.6174099464307e-12
4 1 1 8.6174098606059e-12
4 1 1 7.5973460758657e-12
4 1 1 5.9477293500716e-12
4 1 1 5.9477292578896e-12
4 1 1 4.5254786139053e-12
4 1 1 4.3782695164767e-12
4 1 1 4.240689880121e-12
4 1 1 4.2406898127802e-12
4 1 1 3.3438014128353e-12
4 1 1 3.1721803060388e-12
4 1 1 1.6644009274804e-12
4 1 1 1.6644008229493e-12
4 1 1 1.0320887610381e-12
4 1 1 9.2604508158354e-13
4 1 1 2.6666072342822e-13
4 1 1 2.6147376373135e-13
4 1 1 2.6147370228562e-13
4 1 1 2.0142126625264e-13
4 1 1 1.0479128887305e-14
4 1 1 8.9755577518627e-15
4 1 1 8.9754768378302e-15
4 1 1 7.0811009157848e-15
4 1 2 0.0025424640419012
4 1 2 0.0025424640419012
4 1 2 0.0024791574465484
4 1 2 0.0024791574465484
4 1 2 0.0021734895302577
4 1 2 0.0021734895302576
4 1 2 0.0021562554279982
4 1 2 0.0021562554279982
4 1 2 0.001796833448059
4 1 2 0.001796833448059
4 1 2 0.0017859460350666
4 1 2 0.0017859460350666
4 1 2 0.0017391472834375
4 1 2 0.0017391472834375
4 1 2 0.0017181760993365
4 1 2 0.0017181760993365
4 1 2 0.0015710834358009
4 1 2 0.0015710834358009
4 1 2 0.0015622856005506
4 1 2 0.0015622856005506
4 1 2 0.0013624657787263
4 1 2 0.0013624657787263
4 1 2 0.00135850536389
4 1 2 0.00135850536389
4 1 2 0.001088257109411
4 1 2 0.001088257109411
4 1 2 0.0010818596254668
4 1 2 0.0010818596254668
4 1 2 0.00085428869491711
4 1 2 0.00085428869491711
4 1 2 0.0008278835687267
4 1 2 0.00082788356872669
4 1 2 0.00059243717892992
4 1 2 0.00059243717892992
4 1 2 0.000574634772778
4 1 2 0.00057463477277799
4 1 2 0.00057335499191029
4 1 2 0.00057335499191029
4 1 2 0.00056822999889226
4 1 2 0.00056822999889225
4 1 2 1.9810523077563e-06
4 1 2 1.9810523077555e-06
4 1 2 1.8286140355806e-06
4 1 2 1.8286140355804e-06
4 1 2 1.3398969950044e-06
4 1 2 1.3398969950042e-06
4 1 2 1.0138659353498e-06
4 1 2 1.0138659353496e-06
4 1 2 9.6471895437641e-07
4 1 2 9.6471895437631e-07
4 1 2 7.7637752514189e-07
4 1 2 7.7637752514158e-07
4 1 2 6.7523817936976e-07
4 1 2 6.7523817936969e-07
4 1 2 6.4282863848798e-07
4 1 2 6.4282863848793e-07
4 1 2 5.8953247592364e-07
4 1 2 5.8953247592354e-07
4 1 2 5.4757254144998e-07
4 1 2 5.4757254144987e-07
4 1 2 4.0041684720013e-07
4 1 2 4.0041684720002e-07
4 1 2 3.8640816115929e-07
4 1 2 3.8640816115919e-07
4 1 2 3.135919862022e-07
4 1 2 3.1359198620209e-07
4 1 2 3.0192066382336e-07
4 1 2 3.0192066382327e-07
4 1 2 2.8209314295068e-07
4 1 2 2.8209314295062e-07
4 1 2 2.5529215095117e-07
4 1 2 2.55292150951e-07
4 1 2 2.1998096464948e-07
4 1 2 2.1998096464939e-07
4 1 2 1.9105187995819e-07
4 1 2 1.910518799581e-07
4 1 2 1.6059950680818e-07
4 1 2 1.605995068081e-07
4 1 2 1.4822050001823e-07
4 1 2 1.4822050001821e-07
4 1 2 1.3829825178636e-07
4 1 2 1.3829825178627e-07
4 1 2 1.3248935189896e-07
4 1 2 1.3248935189884e-07
4 1 2 1.1828486710643e-07
4 1 2 1.1828486710635e-07
4 1 2 1.1581014520799e-07
4 1 2 1.158101452079e-07
4 1 2 1.0765279580297e-07
4 1 2 1.0765279580284e-07
4 1 2 9.4631911957147e-08
4 1 2 9.4631911957087e-08
4 1 2 8.6098892211492e-08
4 1 2 8.6098892211458e-08
4 1 2 8.2359464567077e-08
4 1 2 8.2359464567065e-08
4 1 2 7.7642179681926e-08
4 1 2 7.7642179681876e-08
4 1 2 7.3333343485178e-08
4 1 2 7.3333343485158e-08
4 1 2 7.0375750624591e-08
4 1 2 7.0375750624573e-08
4 1 2 6.4912283955757e-08
4 1 2 6.4912283955678e-08
4 1 2 6.2487838242074e-08
4 1 2 6.2487838241936e-08
4 1 2 5.8004460293575e-08
4 1 2 5.8004460293491e-08
4 1 2 5.1843948612232e-08
4 1 2 5.1843948612126e-08
4 1 2 4.3120328974393e-08
4 1 2 4.3120328974334e-08
4 1 2 4.3085516594089e-08
4 1 2 4.3085516594019e-08
4 1 2 3.9022010780241e-08
4 1 2 3.9022010780182e-08
4 1 2 3.5621597445945e-08
4 1 2 3.5621597445878e-08
4 1 2 3.5418763185169e-08
4 1 2 3.5418763185016e-08
4 1 2 2.9171000423756e-08
4 1 2 2.9171000423708e-08
4 1 2 2.8905702627308e-08
4 1 2 2.890570262721e-08
4 1 2 2.393239896387e-08
4 1 2 2.3932398963779e-08
4 1 2 2.3026912342002e-08
4 1 2 2.3026912341919e-08
4 1 2 2.1402405922085e-08
4 1 2 2.1402405922036e-08
4 1 2 1.8533514619372e-08
4 1 2 1.8533514619308e-08
4 1 2 1.5593377480856e-08
4 1 2 1.5593377480787e-08
4 1 2 1.4860432237693e-08
4 1 2 1.4860432237622e-08
4 1 2 1.1729086779684e-08
4 1 2 1.1729086779612e-08
4 1 2 1.1504140260489e-08
4 1 2 1.1504140260365e-08
4 1 2 9.357400449839e-09
4 1 2 9.3574004497893e-09
4 1 2 7.8357956503643e-09
4 1 2 7.8357956503115e-09
4 1 2 7.192685266516e-09
4 1 2 7.1926852664492e-09
4 1 2 5.5308306609782e-09
4 1 2 5.5308306608862e-09
4 1 2 5.2467787165742e-09
4 1 2 5.246778716452e-09
4 1 2 4.033520556041e-09
4 1 2 4.0335205559533e-09
4 1 2 3.1239591552354e-09
4 1 2 3.1239591551738e-09
4 1 2 2.8199760764344e-09
4 1 2 2.8199760763947e-09
4 1 2 2.509423362797e-09
4 1 2 2.5094233627503e-09
4 1 2 2.4781768739481e-09
4 1 2 2.4781768738504e-09
4 1 2 2.1030411080793e-09
4 1 2 2.1030411079857e-09
4 1 2 1.7503157246929e-09
4 1 2 1.75031572461e-09
4 1 2 1.534321452632e-09
4 1 2 1.5343214525602e-09
4 1 2 1.1425312614148e-09
4 1 2 1.1425312613567e-09
4 1 2 7.9347303610399e-10
4 1 2 7.9347303605865e-10
4 1 2 7.0525002307309e-10
4 1 2 7.0525002301901e-10
4 1 2 1.6857565425312e-10
4 1 2 1.6857565418067e-10
4 1 2 1.445631216288e-10
4 1 2 1.4456312156154e-10
4 1 2 1.2982151691414e-10
4 1 2 1.2982151685084e-10
4 1 2 1.0184363563973e-10
4 1 2 1.0184363557471e-10
4 1 2 9.765279696495e-11
4 1 2 9.7652796907786e-11
4 1 2 8.5079670839141e-11
4 1 2 8.5079670784279e-11
4 1 2 7.3025302602613e-11
4 1 2 7.3025302528226e-11
4 1 2 6.8057726450869e-11
4 1 2 6.805772639868e-11
4 1 2 5.771191817947e-11
4 1 2 5.7711918061349e-11
4 1 2 5.5656715391965e-11
4 1 2 5.5656715312308e-11
4 1 2 4.7880992879591e-11
4 1 2 4.7880992797005e-11
4 1 2 4.1661724258328e-11
4 1 2 4.1661724185543e-11
4 1 2 4.154927024869e-11
4 1 2 4.1549270160654e-11
4 1 2 3.4579414874596e-11
4 1 2 3.4579414836636e-11
4 1 2 3.3093442675433e-11
4 1 2 3.3093442576916e-11
4 1 2 2.8957124920147e-11
4 1 2 2.8957124864282e-11
4 1 2 2.4625000438186e-11
4 1 2 2.4625000369671e-11
4 1 2 2.147459570366e-11
4 1 2 2.1474595635364e-11
4 1 2 1.9497237763094e-11
4 1 2 1.9497237694601e-11
4 1 2 1.2831432905345e-11
4 1 2 1.2831432865076e-11
4 1 2 1.2237339355767e-11
4 1 2 1.2237339299256e-11
4 1 2 1.0463092468061e-11
4 1 2 1.0463092349876e-11
4 1 2 8.1962919783945e-12
4 1 2 8.1962919077029e-12
4 1 2 7.4963510117771e-12
4 1 2 7.4963508959757e-12
4 1 2 6.6028626157487e-12
4 1 2 6.6028625384527e-12
4 1 2 6.1398418138463e-12
4 1 2 6.1398417103849e-12
4 1 2 5.0666981574455e-12
4 1 2 5.066698089046e-12
4 1 2 5.0160017956755e-12
4 1 2 5.0160017013413e-12
4 1 2 1.6047741957039e-12
4 1 2 1.6047741298315e-12
4 1 2 1.2496302835385e-12
4 1 2 1.2496302330914e-12
4 1 2 3.3757455297999e-13
4 1 2 3.3757448554057e-13
4 1 2 2.7336548676748e-13
4 1 2 2.7336539411879e-13
4 1 2 9.1393473566669e-15
4 1 2 9.1392050665772e-15
4 1 2 8.8387987104534e-15
4 1 2 8.8386893504748e-15
4 1 3 0.0025212215786509
4 1 3 0.0024862054602051
4 1 3 0.0024862054602051
4 1 3 0.0024386411306599
4 1 3 0.0022323389674525
4 1 3 0.0022168417664374
4 1 3 0.0021824944999659
4 1 3 0.0021824944999658
4 1 3 0.0019586708991962
4 1 3 0.0019297076193313
4 1 3 0.0019297076193313
4 1 3 0.0018841936031284
4 1 3 0.0016368185135275
4 1 3 0.0016340534940565
4 1 3 0.0016244771411804
4 1 3 0.0016244771411804
4 1 3 0.0015814876239138
4 1 3 0.0015770827054483
4 1 3 0.0015673846106766
4 1 3 0.0015673846106765
4 1 3 0.001438796364633
4 1 3 0.0014307248489407
4 1 3 0.0014307248489407
4 1 3 0.0014183245446988
4 1 3 0.0012610342709528
4 1 3 0.0012511252223422
4 1 3 0.0012511252223422
4 1 3 0.0012492161319589
4 1 3 0.0010916561300171
4 1 3 0.0010762389719708
4 1 3 0.0010762389719708
4 1 3 0.0010535163840812
4 1 3 0.0008603214849634
4 1 3 0.00084735981208539
4 1 3 0.00084735981208538
4 1 3 0.0008408830049338
4 1 3 0.00066547571010772
4 1 3 0.00064937384443706
4 1 3 0.00064937384443706
4 1 3 0.00063167222571716
4 1 3 1.8834400529449e-06
4 1 3 1.5758281044258e-06
4 1 3 1.5758281044253e-06
4 1 3 1.4848691899696e-06
4 1 3 1.1316283348499e-06
4 1 3 1.1316283348497e-06
4 1 3 1.0653104392718e-06
4 1 3 9.8686588587066e-07
4 1 3 9.7859590498592e-07
4 1 3 9.7859590498574e-07
4 1 3 9.379444796682e-07
4 1 3 8.4012071678905e-07
4 1 3 7.1168582335775e-07
4 1 3 7.116858233577e-07
4 1 3 6.6948640337365e-07
4 1 3 6.6341817277898e-07
4 1 3 4.6327629952592e-07
4 1 3 4.6327629952586e-07
4 1 3 4.6094231210463e-07
4 1 3 4.0562804496164e-07
4 1 3 3.8898256720318e-07
4 1 3 3.8898256720308e-07
4 1 3 3.5663912995744e-07
4 1 3 3.3552308606557e-07
4 1 3 2.6929883575056e-07
4 1 3 2.6499006036005e-07
4 1 3 2.6499006036002e-07
4 1 3 2.5411508262438e-07
4 1 3 2.3989879345922e-07
4 1 3 2.3036944040027e-07
4 1 3 2.0766661206901e-07
4 1 3 2.0766661206892e-07
4 1 3 1.9968974504787e-07
4 1 3 1.7254991233273e-07
4 1 3 1.66543543214e-07
4 1 3 1.6654354321386e-07
4 1 3 1.6322497662744e-07
4 1 3 1.5584066978543e-07
4 1 3 1.4981557289924e-07
4 1 3 1.4981557289919e-07
4 1 3 1.3872622764672e-07
4 1 3 1.3096012680501e-07
4 1 3 1.3006540775099e-07
4 1 3 1.234110007669e-07
4 1 3 1.2341100076684e-07
4 1 3 1.1638366590296e-07
4 1 3 1.075518992203e-07
4 1 3 1.0755189922027e-07
4 1 3 1.0421054205029e-07
4 1 3 1.0143244568721e-07
4 1 3 9.9033999795281e-08
4 1 3 9.9033999795262e-08
4 1 3 9.2802571028243e-08
4 1 3 8.4034474957046e-08
4 1 3 8.4034474956968e-08
4 1 3 8.1117699273642e-08
4 1 3 7.8935645395675e-08
4 1 3 7.146582794165e-08
4 1 3 7.0615409323378e-08
4 1 3 6.7077693922562e-08
4 1 3 6.7077693922433e-08
4 1 3 6.4688602905388e-08
4 1 3 6.3402676708524e-08
4 1 3 6.3402676708412e-08
4 1 3 6.2275759729021e-08
4 1 3 5.9159336575274e-08
4 1 3 5.5958304497994e-08
4 1 3 5.5958304497926e-08
4 1 3 5.513027133001e-08
4 1 3 5.1576559919472e-08
4 1 3 4.8970381145727e-08
4 1 3 4.8970381145681e-08
4 1 3 4.382151863642e-08
4 1 3 4.230312051137e-08
4 1 3 4.2303120511238e-08
4 1 3 4.2293962267603e-08
4 1 3 3.6672799711966e-08
4 1 3 3.6559971647631e-08
4 1 3 3.6559971647557e-08
4 1 3 3.5455652849865e-08
4 1 3 3.2926065706794e-08
4 1 3 3.2926065706724e-08
4 1 3 3.0386524183389e-08
4 1 3 2.7916881160735e-08
4 1 3 2.6857726321597e-08
4 1 3 2.378180372175e-08
4 1 3 2.3781803721679e-08
4 1 3 2.2050753852974e-08
4 1 3 1.9731533173113e-08
4 1 3 1.973153317302e-08
4 1 3 1.8229704438067e-08
4 1 3 1.5484631686653e-08
4 1 3 1.4700120523177e-08
4 1 3 1.470012052314e-08
4 1 3 1.4431075633336e-08
4 1 3 1.356349106109e-08
4 1 3 1.1509993079794e-08
4 1 3 1.1509993079742e-08
4 1 3 1.1205370307627e-08
4 1 3 7.9243548590752e-09
4 1 3 7.9032713094226e-09
4 1 3 6.9753380212151e-09
4 1 3 6.4257561538021e-09
4 1 3 6.4257561537615e-09
4 1 3 5.8707997656442e-09
4 1 3 5.2674516737857e-09
4 1 3 4.9748082365241e-09
4 1 3 4.6929491577292e-09
4 1 3 4.6929491576581e-09
4 1 3 4.6915442998225e-09
4 1 3 4.0307488088398e-09
4 1 3 4.0307488087375e-09
4 1 3 3.7326829677828e-09
4 1 3 3.0616840009291e-09
4 1 3 3.0616840008828e-09
4 1 3 2.7405294240767e-09
4 1 3 2.7129171912476e-09
4 1 3 2.3817227318521e-09
4 1 3 2.189545941033e-09
4 1 3 2.1895459409493e-09
4 1 3 1.5723701400109e-09
4 1 3 1.5723701399815e-09
4 1 3 1.4996833756828e-09
4 1 3 1.3399884429539e-09
4 1 3 1.3399884428435e-09
4 1 3 1.2655729339023e-09
4 1 3 1.2580014080926e-09
4 1 3 9.7146681324506e-10
4 1 3 7.9420739779318e-10
4 1 3 7.9420739767727e-10
4 1 3 7.9119374935523e-10
4 1 3 6.413474789279e-10
4 1 3 1.6648237329843e-10
4 1 3 1.664823732426e-10
4 1 3 1.5719049571197e-10
4 1 3 1.5326795938962e-10
4 1 3 1.3395101810857e-10
4 1 3 1.339510180666e-10
4 1 3 1.3002567771948e-10
4 1 3 1.1351270562918e-10
4 1 3 1.0509715221477e-10
4 1 3 1.0509715213625e-10
4 1 3 9.6351317664671e-11
4 1 3 8.6320850790016e-11
4 1 3 7.8819590229301e-11
4 1 3 7.8819590149259e-11
4 1 3 7.5937352756398e-11
4 1 3 5.8990761325916e-11
4 1 3 5.8514931801822e-11
4 1 3 5.6708079918999e-11
4 1 3 5.6708079844809e-11
4 1 3 5.3054834061475e-11
4 1 3 5.2100754184755e-11
4 1 3 5.2100754144116e-11
4 1 3 5.1183025902895e-11
4 1 3 4.268404876869e-11
4 1 3 4.1459050765185e-11
4 1 3 3.5347651701485e-11
4 1 3 3.5115112344871e-11
4 1 3 3.5115112288624e-11
4 1 3 3.3750593222709e-11
4 1 3 3.1629077637516e-11
4 1 3 3.1629077483444e-11
4 1 3 3.1124859651694e-11
4 1 3 2.4669814173288e-11
4 1 3 2.4669814123885e-11
4 1 3 2.3022426705961e-11
4 1 3 2.2369984071754e-11
4 1 3 1.974820450879e-11
4 1 3 1.7217525285961e-11
4 1 3 1.7217525217066e-11
4 1 3 1.7130484817477e-11
4 1 3 1.6323180119753e-11
4 1 3 1.1557000674187e-11
4 1 3 1.1557000558433e-11
4 1 3 1.1236224482664e-11
4 1 3 9.7719689807019e-12
4 1 3 8.6174098927998e-12
4 1 3 8.6174097810121e-12
4 1 3 7.5973461657527e-12
4 1 3 5.9477293231303e-12
4 1 3 5.9477292290858e-12
4 1 3 4.5254786272983e-12
4 1 3 4.3782695410355e-12
4 1 3 4.2406898435512e-12
4 1 3 4.2406897787948e-12
4 1 3 3.3438014077888e-12
4 1 3 3.1721803636846e-12
4 1 3 1.6644009348878e-12
4 1 3 1.6644007748474e-12
4 1 3 1.0320887631663e-12
4 1 3 9.2604506128285e-13
4 1 3 2.6666078971494e-13
4 1 3 2.6147375481771e-13
4 1 3 2.6147366707586e-13
4 1 3 2.0142110298304e-13
4 1 3 1.0479096083736e-14
4 1 3 8.9755287584591e-15
4 1 3 8.9754590314079e-15
4 1 3 7.0810962355034e-15
4 2 0 0.0028689634811023
4 2 0 0.0028689634811023
4 2 0 0.0028064788246433
4 2 0 0.0028064788246432
4 2 0 0.0024992267899901
4 2 0 0.00249922678999
4 2 0 0.0024087493750682
4 2 0 0.0024087493750682
4 2 0 0.001963934044561
4 2 0 0.001963934044561
4 2 0 0.0019571363010874
4 2 0 0.0019571363010874
4 2 0 0.0017897553724941
4 2 0 0.0017897553724941
4 2 0 0.0017458799445563
4 2 0 0.0017458799445563
4 2 0 0.0016058906879423
4 2 0 0.0016058906879422
4 2 0 0.0015836226969895
4 2 0 0.0015836226969895
4 2 0 0.0015111814189181
4 2 0 0.0015111814189181
4 2 0 0.0015056527187409
4 2 0 0.0015056527187409
4 2 0 0.0012787095913228
4 2 0 0.0012787095913228
4 2 0 0.0012747719673666
4 2 0 0.0012747719673666
4 2 0 0.0011168206077789
4 2 0 0.0011168206077789
4 2 0 0.0011062148186399
4 2 0 0.0011062148186399
4 2 0 0.00091214824224824
4 2 0 0.00091214824224822
4 2 0 0.00089381326005258
4 2 0 0.00089381326005258
4 2 0 0.00070962012318288
4 2 0 0.00070962012318288
4 2 0 0.00069216320812372
4 2 0 0.00069216320812371
4 2 0 0.00056969011618543
4 2 0 0.00056969011618543
4 2 0 0.00056706599817014
4 2 0 0.00056706599817013
4 2 0 1.7222242905247e-06
4 2 0 1.7222242905243e-06
4 2 0 1.5481024819688e-06
4 2 0 1.5481024819685e-06
4 2 0 1.5013629062829e-06
4 2 0 1.5013629062826e-06
4 2 0 1.3280583538634e-06
4 2 0 1.3280583538631e-06
4 2 0 1.0711905200891e-06
4 2 0 1.071190520089e-06
4 2 0 9.6200482727549e-07
4 2 0 9.6200482727516e-07
4 2 0 5.3349013520638e-07
4 2 0 5.3349013520624e-07
4 2 0 4.7936739323488e-07
4 2 0 4.7936739323478e-07
4 2 0 4.3666068675286e-07
4 2 0 4.3666068675279e-07
4 2 0 4.1407708110869e-07
4 2 0 4.1407708110853e-07
4 2 0 3.7124605891558e-07
4 2 0 3.7124605891545e-07
4 2 0 3.0662423871962e-07
4 2 0 3.0662423871956e-07
4 2 0 2.9254050742481e-07
4 2 0 2.925405074247e-07
4 2 0 2.8162057138051e-07
4 2 0 2.8162057138046e-07
4 2 0 2.3184815803844e-07
4 2 0 2.3184815803835e-07
4 2 0 2.2451986472253e-07
4 2 0 2.2451986472241e-07
4 2 0 1.9852740734997e-07
4 2 0 1.9852740734989e-07
4 2 0 1.9566808587551e-07
4 2 0 1.9566808587543e-07
4 2 0 1.7163823710233e-07
4 2 0 1.7163823710223e-07
4 2 0 1.631854210966e-07
4 2 0 1.631854210965e-07
4 2 0 1.5123750888722e-07
4 2 0 1.5123750888709e-07
4 2 0 1.4095719535497e-07
4 2 0 1.4095719535489e-07
4 2 0 1.3456292117553e-07
4 2 0 1.3456292117549e-07
4 2 0 1.2416618002473e-07
4 2 0 1.2416618002462e-07
4 2 0 1.1792044602812e-07
4 2 0 1.1792044602798e-07
4 2 0 1.0551233837284e-07
4 2 0 1.0551233837277e-07
4 2 0 9.9416241319243e-08
4 2 0 9.9416241319159e-08
4 2 0 8.8300849022801e-08
4 2 0 8.8300849022721e-08
4 2 0 8.594160442079e-08
4 2 0 8.5941604420683e-08
4 2 0 8.4511131639585e-08
4 2 0 8.4511131639537e-08
4 2 0 7.2733298452702e-08
4 2 0 7.27332984526e-08
4 2 0 6.7839803044942e-08
4 2 0 6.7839803044821e-08
4 2 0 6.3159134545322e-08
4 2 0 6.3159134545242e-08
4 2 0 5.0376573155491e-08
4 2 0 5.0376573155346e-08
4 2 0 4.8489617156357e-08
4 2 0 4.8489617156297e-08
4 2 0 4.6419332844934e-08
4 2 0 4.6419332844892e-08
4 2 0 4.1274100562408e-08
4 2 0 4.1274100562321e-08
4 2 0 4.0812192845132e-08
4 2 0 4.0812192845026e-08
4 2 0 3.6845796363361e-08
4 2 0 3.6845796363274e-08
4 2 0 3.6744406131949e-08
4 2 0 3.6744406131808e-08
4 2 0 2.9926932223614e-08
4 2 0 2.9926932223491e-08
4 2 0 2.8822241943071e-08
4 2 0 2.8822241942956e-08
4 2 0 2.6180712641275e-08
4 2 0 2.618071264119e-08
4 2 0 2.3551513154242e-08
4 2 0 2.3551513154152e-08
4 2 0 2.2612004711477e-08
4 2 0 2.2612004711405e-08
4 2 0 1.8405858142745e-08
4 2 0 1.8405858142711e-08
4 2 0 1.8084327912936e-08
4 2 0 1.8084327912815e-08
4 2 0 1.5959765500615e-08
4 2 0 1.5959765500521e-08
4 2 0 1.5262905432729e-08
4 2 0 1.5262905432634e-08
4 2 0 1.1321145616815e-08
4 2 0 1.1321145616737e-08
4 2 0 7.3849491013109e-09
4 2 0 7.3849491011909e-09
4 2 0 7.2010352325396e-09
4 2 0 7.2010352324578e-09
4 2 0 6.0721742029387e-09
4 2 0 6.0721742028487e-09
4 2 0 5.0863344764254e-09
4 2 0 5.0863344762724e-09
4 2 0 4.7462494561169e-09
4 2 0 4.7462494560725e-09
4 2 0 4.0485178468563e-09
4 2 0 4.0485178467363e-09
4 2 0 3.5617787001567e-09
4 2 0 3.5617787000215e-09
4 2 0 3.3343344635724e-09
4 2 0 3.3343344634974e-09
4 2 0 3.0320163113322e-09
4 2 0 3.0320163112363e-09
4 2 0 2.8326288463278e-09
4 2 0 2.8326288462154e-09
4 2 0 2.5566504168539e-09
4 2 0 2.5566504166967e-09
4 2 0 2.0147167032069e-09
4 2 0 2.0147167031117e-09
4 2 0 1.9664718782642e-09
4 2 0 1.9664718782312e-09
4 2 0 1.1608112190432e-09
4 2 0 1.160811218995e-09
4 2 0 1.0057653130272e-09
4 2 0 1.0057653128954e-09
4 2 0 7.8537411616063e-10
4 2 0 7.8537411610256e-10
4 2 0 1.9130753398865e-10
4 2 0 1.9130753387658e-10
4 2 0 1.2961202697304e-10
4 2 0 1.2961202687184e-10
4 2 0 1.2780863556237e-10
4 2 0 1.2780863547579e-10
4 2 0 1.238556981827e-10
4 2 0 1.2385569808152e-10
4 2 0 1.1024056636448e-10
4 2 0 1.1024056629227e-10
4 2 0 1.0111069148703e-10
4 2 0 1.0111069132389e-10
4 2 0 7.6768770726901e-11
4 2 0 7.676877065047e-11
4 2 0 7.2365130207267e-11
4 2 0 7.236513016412e-11
4 2 0 6.4736308335223e-11
4 2 0 6.4736308248367e-11
4 2 0 6.2945054087255e-11
4 2 0 6.2945054023266e-11
4 2 0 5.6684297218692e-11
4 2 0 5.6684297099432e-11
4 2 0 4.9567616018914e-11
4 2 0 4.9567615890334e-11
4 2 0 4.6373100417075e-11
4 2 0 4.6373100379055e-11
4 2 0 3.8583455553569e-11
4 2 0 3.8583455504448e-11
4 2 0 3.6513913630149e-11
4 2 0 3.6513913568527e-11
4 2 0 3.403555912188e-11
4 2 0 3.4035558998048e-11
4 2 0 2.9044525460866e-11
4 2 0 2.9044525368875e-11
4 2 0 2.1405172058051e-11
4 2 0 2.14051719911e-11
4 2 0 1.9667219304907e-11
4 2 0 1.9667219223755e-11
4 2 0 1.9613997852766e-11
4 2 0 1.9613997731598e-11
4 2 0 1.7801475762652e-11
4 2 0 1.7801475705045e-11
4 2 0 1.5964915319393e-11
4 2 0 1.5964915218257e-11
4 2 0 1.3409155898552e-11
4 2 0 1.3409155882739e-11
4 2 0 1.1124755970956e-11
4 2 0 1.1124755898119e-11
4 2 0 9.0078159247035e-12
4 2 0 9.0078157992196e-12
4 2 0 8.4166526766302e-12
4 2 0 8.4166526062169e-12
4 2 0 7.6069455723411e-12
4 2 0 7.6069454284162e-12
4 2 0 3.1424466459977e-12
4 2 0 3.1424465848331e-12
4 2 0 2.72281874857e-12
4 2 0 2.7228186115803e-12
4 2 0 2.5641611113199e-12
4 2 0 2.5641610230389e-12
4 2 0 2.3057625540875e-12
4 2 0 2.3057624885631e-12
4 2 0 1.2062405490875e-12
4 2 0 1.2062405153146e-12
4 2 0 2.0762548346051e-13
4 2 0 2.0762544093301e-13
4 2 0 1.707674921292e-13
4 2 0 1.7076739139945e-13
4 2 0 7.7981250364483e-15
4 2 0 7.7981122097493e-15
4 2 0 5.376161963526e-15
4 2 0 5.3760296176842e-15
4 2 1 0.0025424640419012
4 2 1 0.0025424640419012
4 2 1 0.0024791574465484
4 2 1 0.0024791574465484
4 2 1 0.0021734895302577
4 2 1 0.0021734895302576
4 2 1 0.0021562554279982
4 2 1 0.0021562554279982
4 2 1 0.001796833448059
4 2 1 0.001796833448059
4 2 1 0.0017859460350666
4 2 1 0.0017859460350666
4 2 1 0.0017391472834375
4 2 1 0.0017391472834375
4 2 1 0.0017181760993365
4 2 1 0.0017181760993365
4 2 1 0.0015710834358009
4 2 1 0.0015710834358009
4 2 1 0.0015622856005506
4 2 1 0.0015622856005506
4 2 1 0.0013624657787263
4 2 1 0.0013624657787263
4 2 1 0.00135850536389
4 2 1 0.00135850536389
4 2 1 0.001088257109411
4 2 1 0.001088257109411
4 2 1 0.0010818596254668
4 2 1 0.0010818596254668
4 2 1 0.00085428869491711
4 2 1 0.00085428869491711
4 2 1 0.0008278835687267
4 2 1 0.00082788356872669
4 2 1 0.00059243717892992
4 2 1 0.00059243717892992
4 2 1 0.00057463477277799
4 2 1 0.00057463477277799
4 2 1 0.00057335499191029
4 2 1 0.00057335499191028
4 2 1 0.00056822999889226
4 2 1 0.00056822999889225
4 2 1 1.9810523077555e-06
4 2 1 1.9810523077553e-06
4 2 1 1.8286140355805e-06
4 2 1 1.8286140355803e-06
4 2 1 1.3398969950045e-06
4 2 1 1.3398969950042e-06
4 2 1 1.0138659353497e-06
4 2 1 1.0138659353495e-06
4 2 1 9.6471895437648e-07
4 2 1 9.6471895437638e-07
4 2 1 7.7637752514183e-07
4 2 1 7.763775251417e-07
4 2 1 6.7523817936974e-07
4 2 1 6.7523817936967e-07
4 2 1 6.4282863848794e-07
4 2 1 6.4282863848787e-07
4 2 1 5.8953247592369e-07
4 2 1 5.8953247592359e-07
4 2 1 5.4757254144998e-07
4 2 1 5.4757254144987e-07
4 2 1 4.004168472001e-07
4 2 1 4.0041684719997e-07
4 2 1 3.8640816115926e-07
4 2 1 3.8640816115918e-07
4 2 1 3.1359198620221e-07
4 2 1 3.1359198620212e-07
4 2 1 3.019206638233e-07
4 2 1 3.0192066382322e-07
4 2 1 2.8209314295066e-07
4 2 1 2.8209314295061e-07
4 2 1 2.5529215095113e-07
4 2 1 2.5529215095101e-07
4 2 1 2.1998096464947e-07
4 2 1 2.1998096464938e-07
4 2 1 1.9105187995813e-07
4 2 1 1.9105187995804e-07
4 2 1 1.6059950680817e-07
4 2 1 1.6059950680809e-07
4 2 1 1.4822050001828e-07
4 2 1 1.4822050001819e-07
4 2 1 1.3829825178638e-07
4 2 1 1.3829825178628e-07
4 2 1 1.3248935189886e-07
4 2 1 1.3248935189876e-07
4 2 1 1.1828486710639e-07
4 2 1 1.1828486710632e-07
4 2 1 1.1581014520796e-07
4 2 1 1.1581014520794e-07
4 2 1 1.0765279580291e-07
4 2 1 1.0765279580287e-07
4 2 1 9.4631911957168e-08
4 2 1 9.4631911957106e-08
4 2 1 8.6098892211553e-08
4 2 1 8.6098892211486e-08
4 2 1 8.2359464567135e-08
4 2 1 8.2359464567076e-08
4 2 1 7.7642179681941e-08
4 2 1 7.7642179681902e-08
4 2 1 7.3333343485246e-08
4 2 1 7.333334348515e-08
4 2 1 7.0375750624627e-08
4 2 1 7.0375750624574e-08
4 2 1 6.4912283955757e-08
4 2 1 6.4912283955693e-08
4 2 1 6.2487838242074e-08
4 2 1 6.2487838241974e-08
4 2 1 5.8004460293643e-08
4 2 1 5.8004460293545e-08
4 2 1 5.1843948612274e-08
4 2 1 5.184394861212e-08
4 2 1 4.3120328974358e-08
4 2 1 4.3120328974273e-08
4 2 1 4.3085516594168e-08
4 2 1 4.3085516594054e-08
4 2 1 3.9022010780255e-08
4 2 1 3.9022010780154e-08
4 2 1 3.5621597445892e-08
4 2 1 3.5621597445829e-08
4 2 1 3.5418763185067e-08
4 2 1 3.5418763185009e-08
4 2 1 2.9171000423788e-08
4 2 1 2.9171000423701e-08
4 2 1 2.8905702627324e-08
4 2 1 2.8905702627273e-08
4 2 1 2.3932398963794e-08
4 2 1 2.3932398963766e-08
4 2 1 2.302691234201e-08
4 2 1 2.3026912341938e-08
4 2 1 2.1402405922125e-08
4 2 1 2.1402405922043e-08
4 2 1 1.8533514619382e-08
4 2 1 1.8533514619283e-08
4 2 1 1.5593377480851e-08
4 2 1 1.5593377480776e-08
4 2 1 1.4860432237717e-08
4 2 1 1.4860432237693e-08
4 2 1 1.1729086779719e-08
4 2 1 1.1729086779643e-08
4 2 1 1.1504140260486e-08
4 2 1 1.1504140260411e-08
4 2 1 9.3574004498238e-09
4 2 1 9.3574004497547e-09
4 2 1 7.8357956503748e-09
4 2 1 7.8357956502798e-09
4 2 1 7.1926852665033e-09
4 2 1 7.1926852664531e-09
4 2 1 5.5308306609297e-09
4 2 1 5.5308306608427e-09
4 2 1 5.2467787165353e-09
4 2 1 5.2467787164686e-09
4 2 1 4.0335205560546e-09
4 2 1 4.0335205559201e-09
4 2 1 3.123959155303e-09
4 2 1 3.1239591551524e-09
4 2 1 2.8199760764528e-09
4 2 1 2.8199760763587e-09
4 2 1 2.5094233628013e-09
4 2 1 2.5094233627554e-09
4 2 1 2.4781768739002e-09
4 2 1 2.4781768738422e-09
4 2 1 2.1030411080562e-09
4 2 1 2.1030411079939e-09
4 2 1 1.7503157246475e-09
4 2 1 1.7503157245511e-09
4 2 1 1.534321452656e-09
4 2 1 1.5343214525861e-09
4 2 1 1.1425312614562e-09
4 2 1 1.1425312613945e-09
4 2 1 7.9347303614486e-10
4 2 1 7.9347303601123e-10
4 2 1 7.0525002311038e-10
4 2 1 7.0525002304857e-10
4 2 1 1.6857565431934e-10
4 2 1 1.6857565423175e-10
4 2 1 1.445631215926e-10
4 2 1 1.4456312154295e-10
4 2 1 1.2982151692116e-10
4 2 1 1.2982151685646e-10
4 2 1 1.0184363566638e-10
4 2 1 1.0184363561173e-10
4 2 1 9.7652796926323e-11
4 2 1 9.7652796886723e-11
4 2 1 8.5079670788296e-11
4 2 1 8.507967072887e-11
4 2 1 7.3025302572496e-11
4 2 1 7.3025302547008e-11
4 2 1 6.8057726398292e-11
4 2 1 6.8057726370045e-11
4 2 1 5.7711918153997e-11
4 2 1 5.7711918044258e-11
4 2 1 5.5656715388667e-11
4 2 1 5.5656715309484e-11
4 2 1 4.7880992884392e-11
4 2 1 4.7880992800409e-11
4 2 1 4.166172426137e-11
4 2 1 4.1661724163541e-11
4 2 1 4.1549270234455e-11
4 2 1 4.1549270176509e-11
4 2 1 3.4579414908112e-11
4 2 1 3.4579414809085e-11
4 2 1 3.3093442721081e-11
4 2 1 3.3093442632882e-11
4 2 1 2.8957124898691e-11
4 2 1 2.8957124874963e-11
4 2 1 2.4625000539352e-11
4 2 1 2.462500039907e-11
4 2 1 2.1474595739912e-11
4 2 1 2.1474595648141e-11
4 2 1 1.9497237790197e-11
4 2 1 1.9497237702012e-11
4 2 1 1.2831432903207e-11
4 2 1 1.283143284205e-11
4 2 1 1.2237339360209e-11
4 2 1 1.2237339243739e-11
4 2 1 1.0463092467111e-11
4 2 1 1.0463092373212e-11
4 2 1 8.1962920438416e-12
4 2 1 8.1962919415356e-12
4 2 1 7.4963510302613e-12
4 2 1 7.4963509411423e-12
4 2 1 6.6028626485089e-12
4 2 1 6.6028625721115e-12
4 2 1 6.1398418096478e-12
4 2 1 6.1398417316361e-12
4 2 1 5.0666981601452e-12
4 2 1 5.0666980768786e-12
4 2 1 5.0160017484361e-12
4 2 1 5.0160016337116e-12
4 2 1 1.6047741968117e-12
4 2 1 1.6047741563128e-12
4 2 1 1.2496302724712e-12
4 2 1 1.2496301815121e-12
4 2 1 3.3757452891767e-13
4 2 1 3.3757446948713e-13
4 2 1 2.7336551425852e-13
4 2 1 2.7336544014065e-13
4 2 1 9.1392918516264e-15
4 2 1 9.1392147834925e-15
4 2 1 8.8387926193435e-15
4 2 1 8.8387101012694e-15
4 2 2 0.0025319197896516
4 2 2 0.0025319197896516
4 2 2 0.0025319197896516
4 2 2 0.0025319197896516
4 2 2 0.0020716955893265
4 2 2 0.0020716955893265
4 2 2 0.0020716955893265
4 2 2 0.0020716955893265
4 2 2 0.0017592770417733
4 2 2 0.0017592770417733
4 2 2 0.0017592770417733
4 2 2 0.0017592770417733
4 2 2 0.0017180018157799
4 2 2 0.0017180018157799
4 2 2 0.0017180018157799
4 2 2 0.0017180018157799
4 2 2 0.0016640707799868
4 2 2 0.0016640707799868
4 2 2 0.0016640707799867
4 2 2 0.0016640707799867
4 2 2 0.0013365216339354
4 2 2 0.0013365216339354
4 2 2 0.0013365216339353
4 2 2 0.0013365216339353
4 2 2 0.0012433696352685
4 2 2 0.0012433696352685
4 2 2 0.0012433696352685
4 2 2 0.0012433696352685
4 2 2 0.00079321647679137
4 2 2 0.00079321647679136
4 2 2 0.00079321647679136
4 2 2 0.00079321647679135
4 2 2 0.00060877666282619
4 2 2 0.00060877666282619
4 2 2 0.00060877666282618
4 2 2 0.00060877666282618
4 2 2 0.00055906404849997
4 2 2 0.00055906404849997
4 2 2 0.00055906404849997
4 2 2 0.00055906404849996
4 2 2 0.00044696709762899
4 2 2 0.00044696709762899
4 2 2 0.00044696709762898
4 2 2 0.00044696709762898
4 2 2 2.4786489233833e-06
4 2 2 2.4786489233831e-06
4 2 2 2.478648923383e-06
4 2 2 2.4786489233822e-06
4 2 2 1.6612711486589e-06
4 2 2 1.6612711486588e-06
4 2 2 1.6612711486587e-06
4 2 2 1.6612711486584e-06
4 2 2 1.3513447453629e-06
4 2 2 1.3513447453627e-06
4 2 2 1.3513447453625e-06
4 2 2 1.3513447453624e-06
4 2 2 1.0804399963515e-06
4 2 2 1.0804399963514e-06
4 2 2 1.0804399963512e-06
4 2 2 1.0804399963512e-06
4 2 2 4.8635401155052e-07
4 2 2 4.8635401155042e-07
4 2 2 4.8635401155035e-07
4 2 2 4.8635401155026e-07
4 2 2 4.0497736131095e-07
4 2 2 4.0497736131089e-07
4 2 2 4.0497736131077e-07
4 2 2 4.0497736131065e-07
4 2 2 3.3079680900349e-07
4 2 2 3.3079680900344e-07
4 2 2 3.3079680900335e-07
4 2 2 3.3079680900328e-07
4 2 2 3.0820321970437e-07
4 2 2 3.0820321970432e-07
4 2 2 3.0820321970426e-07
4 2 2 3.0820321970421e-07
4 2 2 2.4262964349673e-07
4 2 2 2.4262964349669e-07
4 2 2 2.426296434966e-07
4 2 2 2.4262964349656e-07
4 2 2 1.9848440101838e-07
4 2 2 1.9848440101827e-07
4 2 2 1.9848440101823e-07
4 2 2 1.9848440101816e-07
4 2 2 1.2493777025719e-07
4 2 2 1.2493777025715e-07
4 2 2 1.24937770257e-07
4 2 2 1.2493777025697e-07
4 2 2 1.0445641833651e-07
4 2 2 1.0445641833651e-07
4 2 2 1.0445641833646e-07
4 2 2 1.0445641833641e-07
4 2 2 9.7780824000317e-08
4 2 2 9.778082400022e-08
4 2 2 9.7780824000172e-08
4 2 2 9.7780824000078e-08
4 2 2 7.9795703077333e-08
4 2 2 7.9795703077314e-08
4 2 2 7.9795703077243e-08
4 2 2 7.9795703077208e-08
4 2 2 6.9876451684089e-08
4 2 2 6.987645168402e-08
4 2 2 6.9876451683989e-08
4 2 2 6.9876451683912e-08
4 2 2 5.4385822918662e-08
4 2 2 5.4385822918585e-08
4 2 2 5.43858229185e-08
4 2 2 5.438582291844e-08
4 2 2 4.3994998384621e-08
4 2 2 4.3994998384527e-08
4 2 2 4.3994998384482e-08
4 2 2 4.3994998384443e-08
4 2 2 3.7925596610132e-08
4 2 2 3.7925596610053e-08
4 2 2 3.792559660998e-08
4 2 2 3.7925596609904e-08
4 2 2 3.564525449575e-08
4 2 2 3.5645254495707e-08
4 2 2 3.5645254495658e-08
4 2 2 3.5645254495561e-08
4 2 2 3.2069320440213e-08
4 2 2 3.2069320440183e-08
4 2 2 3.2069320440135e-08
4 2 2 3.2069320440068e-08
4 2 2 2.4754367879022e-08
4 2 2 2.4754367878958e-08
4 2 2 2.4754367878932e-08
4 2 2 2.4754367878878e-08
4 2 2 2.1130927353691e-08
4 2 2 2.1130927353574e-08
4 2 2 2.1130927353538e-08
4 2 2 2.1130927353459e-08
4 2 2 1.8718633604866e-08
4 2 2 1.8718633604825e-08
4 2 2 1.8718633604763e-08
4 2 2 1.8718633604681e-08
4 2 2 1.6556678311267e-08
4 2 2 1.6556678311146e-08
4 2 2 1.655667831111e-08
4 2 2 1.6556678311037e-08
4 2 2 1.3337791987228e-08
4 2 2 1.3337791987208e-08
4 2 2 1.3337791987169e-08
4 2 2 1.3337791987102e-08
4 2 2 6.8511300248318e-09
4 2 2 6.8511300247696e-09
4 2 2 6.851130024689e-09
4 2 2 6.8511300246414e-09
4 2 2 6.1942084607488e-09
4 2 2 6.1942084606409e-09
4 2 2 6.1942084605991e-09
4 2 2 6.1942084605496e-09
4 2 2 3.4923915213865e-09
4 2 2 3.4923915213538e-09
4 2 2 3.4923915213009e-09
4 2 2 3.4923915212264e-09
4 2 2 3.2077012492441e-09
4 2 2 3.2077012491933e-09
4 2 2 3.207701249115e-09
4 2 2 3.207701249071e-09
4 2 2 2.4571625393921e-09
4 2 2 2.4571625393326e-09
4 2 2 2.4571625393016e-09
4 2 2 2.4571625392067e-09
4 2 2 1.6411903697448e-09
4 2 2 1.6411903696709e-09
4 2 2 1.6411903696443e-09
4 2 2 1.641190369565e-09
4 2 2 1.3516948344993e-09
4 2 2 1.3516948344634e-09
4 2 2 1.3516948344377e-09
4 2 2 1.3516948343547e-09
4 2 2 8.940725902101e-10
4 2 2 8.940725901982e-10
4 2 2 8.9407259010516e-10
4 2 2 8.9407259006731e-10
4 2 2 1.8411528138133e-10
4 2 2 1.8411528125818e-10
4 2 2 1.841152812171e-10
4 2 2 1.8411528118643e-10
4 2 2 1.2966070052391e-10
4 2 2 1.2966070046255e-10
4 2 2 1.2966070042278e-10
4 2 2 1.2966070035068e-10
4 2 2 9.9608148437635e-11
4 2 2 9.9608148407796e-11
4 2 2 9.9608148318808e-11
4 2 2 9.9608148290755e-11
4 2 2 7.6659669152047e-11
4 2 2 7.6659669076757e-11
4 2 2 7.6659669045133e-11
4 2 2 7.6659668985061e-11
4 2 2 6.8876099411108e-11
4 2 2 6.8876099364706e-11
4 2 2 6.8876099313545e-11
4 2 2 6.8876099242064e-11
4 2 2 4.7786204233044e-11
4 2 2 4.7786204142756e-11
4 2 2 4.7786204105066e-11
4 2 2 4.7786204098168e-11
4 2 2 3.6953227306801e-11
4 2 2 3.6953227280205e-11
4 2 2 3.6953227226932e-11
4 2 2 3.6953227143275e-11
4 2 2 3.3362087197676e-11
4 2 2 3.3362087115992e-11
4 2 2 3.3362087065516e-11
4 2 2 3.3362087026268e-11
4 2 2 2.8672087563912e-11
4 2 2 2.8672087480184e-11
4 2 2 2.8672087437001e-11
4 2 2 2.8672087341475e-11
4 2 2 2.3336257846793e-11
4 2 2 2.333625778853e-11
4 2 2 2.3336257754508e-11
4 2 2 2.3336257694889e-11
4 2 2 1.365829024162e-11
4 2 2 1.3658290155863e-11
4 2 2 1.3658290119588e-11
4 2 2 1.3658290076954e-11
4 2 2 1.1849766039922e-11
4 2 2 1.1849765955237e-11
4 2 2 1.1849765908092e-11
4 2 2 1.1849765838656e-11
4 2 2 8.9683204439182e-12
4 2 2 8.968320431929e-12
4 2 2 8.9683203475385e-12
4 2 2 8.9683202377565e-12
4 2 2 5.6411174324979e-12
4 2 2 5.6411174062695e-12
4 2 2 5.6411173646225e-12
4 2 2 5.6411173024755e-12
4 2 2 3.0748480934878e-12
4 2 2 3.0748480612037e-12
4 2 2 3.0748479875509e-12
4 2 2 3.0748479446361e-12
4 2 2 9.6784319270881e-13
4 2 2 9.678431172743e-13
4 2 2 9.6784307735959e-13
4 2 2 9.6784301802827e-13
4 2 2 1.556074444025e-13
4 2 2 1.5560738069971e-13
4 2 2 1.5560732268434e-13
4 2 2 1.556072848109e-13
4 2 2 1.072519970449e-14
4 2 2 1.0725159385869e-14
4 2 2 1.0725076739854e-14
4 2 2 1.0725034408668e-14
4 2 3 0.0025424640419012
4 2 3 0.0025424640419012
4 2 3 0.0024791574465484
4 2 3 0.0024791574465484
4 2 3 0.0021734895302577
4 2 3 0.0021734895302576
4 2 3 0.0021562554279982
4 2 3 0.0021562554279982
4 2 3 0.001796833448059
4 2 3 0.001796833448059
4 2 3 0.0017859460350666
4 2 3 0.0017859460350666
4 2 3 0.0017391472834375
4 2 3 0.0017391472834375
4 2 3 0.0017181760993365
4 2 3 0.0017181760993365
4 2 3 0.0015710834358009
4 2 3 0.0015710834358009
4 2 3 0.0015622856005506
4 2 3 0.0015622856005506
4 2 3 0.0013624657787263
4 2 3 0.0013624657787263
4 2 3 0.00135850536389
4 2 3 0.00135850536389
4 2 3 0.001088257109411
4 2 3 0.001088257109411
4 2 3 0.0010818596254668
4 2 3 0.0010818596254668
4 2 3 0.00085428869491711
4 2 3 0.00085428869491711
4 2 3 0.0008278835687267
4 2 3 0.00082788356872669
4 2 3 0.00059243717892992
4 2 3 0.00059243717892992
4 2 3 0.00057463477277799
4 2 3 0.00057463477277799
4 2 3 0.00057335499191029
4 2 3 0.00057335499191029
4 2 3 0.00056822999889226
4 2 3 0.00056822999889225
4 2 3 1.9810523077565e-06
4 2 3 1.9810523077555e-06
4 2 3 1.8286140355807e-06
4 2 3 1.8286140355804e-06
4 2 3 1.3398969950045e-06
4 2 3 1.3398969950044e-06
4 2 3 1.0138659353498e-06
4 2 3 1.0138659353497e-06
4 2 3 9.6471895437665e-07
4 2 3 9.6471895437641e-07
4 2 3 7.763775251419e-07
4 2 3 7.763775251418e-07
4 2 3 6.7523817936985e-07
4 2 3 6.7523817936964e-07
4 2 3 6.4282863848799e-07
4 2 3 6.4282863848793e-07
4 2 3 5.8953247592372e-07
4 2 3 5.8953247592363e-07
4 2 3 5.4757254145003e-07
4 2 3 5.4757254144999e-07
4 2 3 4.004168472001e-07
4 2 3 4.0041684719994e-07
4 2 3 3.8640816115929e-07
4 2 3 3.864081611592e-07
4 2 3 3.1359198620228e-07
4 2 3 3.1359198620213e-07
4 2 3 3.0192066382334e-07
4 2 3 3.0192066382321e-07
4 2 3 2.8209314295077e-07
4 2 3 2.8209314295073e-07
4 2 3 2.5529215095119e-07
4 2 3 2.5529215095108e-07
4 2 3 2.199809646495e-07
4 2 3 2.1998096464938e-07
4 2 3 1.9105187995815e-07
4 2 3 1.9105187995805e-07
4 2 3 1.6059950680817e-07
4 2 3 1.6059950680811e-07
4 2 3 1.4822050001825e-07
4 2 3 1.4822050001821e-07
4 2 3 1.3829825178641e-07
4 2 3 1.3829825178635e-07
4 2 3 1.324893518989e-07
4 2 3 1.3248935189886e-07
4 2 3 1.1828486710641e-07
4 2 3 1.1828486710632e-07
4 2 3 1.1581014520802e-07
4 2 3 1.1581014520795e-07
4 2 3 1.0765279580291e-07
4 2 3 1.0765279580286e-07
4 2 3 9.463191195718e-08
4 2 3 9.4631911957074e-08
4 2 3 8.6098892211505e-08
4 2 3 8.6098892211442e-08
4 2 3 8.2359464567158e-08
4 2 3 8.2359464567037e-08
4 2 3 7.7642179681938e-08
4 2 3 7.7642179681904e-08
4 2 3 7.333334348525e-08
4 2 3 7.3333343485153e-08
4 2 3 7.0375750624634e-08
4 2 3 7.0375750624577e-08
4 2 3 6.4912283955774e-08
4 2 3 6.4912283955713e-08
4 2 3 6.2487838242104e-08
4 2 3 6.2487838242038e-08
4 2 3 5.8004460293616e-08
4 2 3 5.8004460293544e-08
4 2 3 5.1843948612225e-08
4 2 3 5.1843948612126e-08
4 2 3 4.3120328974422e-08
4 2 3 4.3120328974327e-08
4 2 3 4.308551659415e-08
4 2 3 4.3085516594106e-08
4 2 3 3.902201078027e-08
4 2 3 3.9022010780191e-08
4 2 3 3.5621597445951e-08
4 2 3 3.5621597445919e-08
4 2 3 3.5418763185023e-08
4 2 3 3.541876318499e-08
4 2 3 2.9171000423792e-08
4 2 3 2.9171000423677e-08
4 2 3 2.8905702627306e-08
4 2 3 2.8905702627203e-08
4 2 3 2.393239896382e-08
4 2 3 2.3932398963785e-08
4 2 3 2.3026912342041e-08
4 2 3 2.3026912341914e-08
4 2 3 2.1402405922127e-08
4 2 3 2.1402405922033e-08
4 2 3 1.8533514619396e-08
4 2 3 1.8533514619318e-08
4 2 3 1.5593377480885e-08
4 2 3 1.5593377480777e-08
4 2 3 1.4860432237773e-08
4 2 3 1.4860432237676e-08
4 2 3 1.1729086779712e-08
4 2 3 1.1729086779638e-08
4 2 3 1.1504140260505e-08
4 2 3 1.1504140260478e-08
4 2 3 9.3574004498663e-09
4 2 3 9.357400449833e-09
4 2 3 7.8357956504089e-09
4 2 3 7.835795650304e-09
4 2 3 7.192685266497e-09
4 2 3 7.1926852664515e-09
4 2 3 5.5308306609191e-09
4 2 3 5.5308306608627e-09
4 2 3 5.2467787165744e-09
4 2 3 5.2467787164865e-09
4 2 3 4.0335205560773e-09
4 2 3 4.0335205559779e-09
4 2 3 3.1239591552263e-09
4 2 3 3.1239591551617e-09
4 2 3 2.8199760764731e-09
4 2 3 2.8199760764156e-09
4 2 3 2.5094233627744e-09
4 2 3 2.5094233627133e-09
4 2 3 2.4781768739281e-09
4 2 3 2.4781768738765e-09
4 2 3 2.103041108091e-09
4 2 3 2.1030411080168e-09
4 2 3 1.750315724714e-09
4 2 3 1.750315724639e-09
4 2 3 1.5343214525891e-09
4 2 3 1.5343214525387e-09
4 2 3 1.1425312614153e-09
4 2 3 1.1425312613426e-09
4 2 3 7.9347303612751e-10
4 2 3 7.934730360565e-10
4 2 3 7.052500230996e-10
4 2 3 7.0525002303087e-10
4 2 3 1.6857565431261e-10
4 2 3 1.6857565417697e-10
4 2 3 1.4456312162489e-10
4 2 3 1.4456312158154e-10
4 2 3 1.2982151691396e-10
4 2 3 1.2982151686087e-10
4 2 3 1.0184363572017e-10
4 2 3 1.0184363559059e-10
4 2 3 9.7652796913564e-11
4 2 3 9.7652796833921e-11
4 2 3 8.5079670825891e-11
4 2 3 8.5079670733178e-11
4 2 3 7.3025302616589e-11
4 2 3 7.3025302531022e-11
4 2 3 6.8057726470327e-11
4 2 3 6.8057726384752e-11
4 2 3 5.771191823989e-11
4 2 3 5.7711918137785e-11
4 2 3 5.5656715330768e-11
4 2 3 5.5656715273727e-11
4 2 3 4.7880992888848e-11
4 2 3 4.7880992798913e-11
4 2 3 4.1661724276844e-11
4 2 3 4.1661724205147e-11
4 2 3 4.1549270227803e-11
4 2 3 4.1549270139294e-11
4 2 3 3.4579414834592e-11
4 2 3 3.4579414815971e-11
4 2 3 3.3093442695501e-11
4 2 3 3.3093442578385e-11
4 2 3 2.8957124929973e-11
4 2 3 2.8957124870594e-11
4 2 3 2.462500050646e-11
4 2 3 2.4625000338273e-11
4 2 3 2.1474595693977e-11
4 2 3 2.1474595639719e-11
4 2 3 1.949723779012e-11
4 2 3 1.9497237741266e-11
4 2 3 1.2831432874208e-11
4 2 3 1.2831432810989e-11
4 2 3 1.2237339363089e-11
4 2 3 1.2237339335079e-11
4 2 3 1.0463092466617e-11
4 2 3 1.0463092390338e-11
4 2 3 8.1962920076361e-12
4 2 3 8.1962919419863e-12
4 2 3 7.4963510066436e-12
4 2 3 7.4963508676236e-12
4 2 3 6.6028626560436e-12
4 2 3 6.6028626240103e-12
4 2 3 6.1398418093219e-12
4 2 3 6.1398417324238e-12
4 2 3 5.0666981309181e-12
4 2 3 5.066698021775e-12
4 2 3 5.0160017465874e-12
4 2 3 5.0160016747537e-12
4 2 3 1.6047742283066e-12
4 2 3 1.6047741005907e-12
4 2 3 1.2496302711422e-12
4 2 3 1.2496301734366e-12
4 2 3 3.3757454709579e-13
4 2 3 3.3757444640218e-13
4 2 3 2.7336544433523e-13
4 2 3 2.7336541669797e-13
4 2 3 9.1393165655863e-15
4 2 3 9.1392491023127e-15
4 2 3 8.8387803321397e-15
4 2 3 8.8387107265943e-15
4 3 0 0.0028743536029866
4 3 0 0.0028639875315102
4 3 0 0.002860879224918
4 3 0 0.0027490533494796
4 3 0 0.0024748894810625
4 3 0 0.0024157856569661
4 3 0 0.0024006576638451
4 3 0 0.0023950394021457
4 3 0 0.0021065953880522
4 3 0 0.0020889282641508
4 3 0 0.0020669587058457
4 3 0 0.0020443963746083
4 3 0 0.0017668547331296
4 3 0 0.0017537898771256
4 3 0 0.0017293572050897
4 3 0 0.0017113595708773
4 3 0 0.0016074896171824
4 3 0 0.0015970805035226
4 3 0 0.0015876235461419
4 3 0 0.0015808015684128
4 3 0 0.0014926662378365
4 3 0 0.0014783859680328
4 3 0 0.001464849086182
4 3 0 0.0014569509979194
4 3 0 0.0013463542053929
4 3 0 0.001331816463175
4 3 0 0.0013279246955959
4 3 0 0.0013261873066018
4 3 0 0.0010674127768749
4 3 0 0.0010656637976717
4 3 0 0.0010634638443939
4 3 0 0.0010598242198113
4 3 0 0.00088152775281649
4 3 0 0.00087679126184166
4 3 0 0.00086342301233589
4 3 0 0.00086329979777863
4 3 0 0.00069161082514489
4 3 0 0.00069010111591254
4 3 0 0.00068508649126329
4 3 0 0.00068048311221278
4 3 0 2.1293949803619e-06
4 3 0 1.7928595865373e-06
4 3 0 1.5196773274954e-06
4 3 0 1.5033153889172e-06
4 3 0 1.4332014115818e-06
4 3 0 1.3211124032624e-06
4 3 0 1.2065879887966e-06
4 3 0 1.1184785770253e-06
4 3 0 9.2931045349466e-07
4 3 0 8.4241097943473e-07
4 3 0 8.0381276376508e-07
4 3 0 7.910861400167e-07
4 3 0 6.4181056248485e-07
4 3 0 6.2537869200114e-07
4 3 0 6.1386414354408e-07
4 3 0 5.9264794262832e-07
4 3 0 4.9540273002871e-07
4 3 0 4.5518955609954e-07
4 3 0 4.483387187579e-07
4 3 0 4.1839619965294e-07
4 3 0 3.100504581811e-07
4 3 0 3.0409828548231e-07
4 3 0 2.9698792576415e-07
4 3 0 2.9182157164973e-07
4 3 0 2.9114770706448e-07
4 3 0 2.6311695654855e-07
4 3 0 2.3294557883502e-07
4 3 0 2.1462771488566e-07
4 3 0 2.0968618936241e-07
4 3 0 2.0307984076078e-07
4 3 0 1.9097193572722e-07
4 3 0 1.8030708326059e-07
4 3 0 1.7707532894319e-07
4 3 0 1.7451490101732e-07
4 3 0 1.6104675502145e-07
4 3 0 1.5546843476404e-07
4 3 0 1.4931527976962e-07
4 3 0 1.4754731414789e-07
4 3 0 1.4290754010488e-07
4 3 0 1.3899916006076e-07
4 3 0 1.2636782256001e-07
4 3 0 1.2533780012474e-07
4 3 0 1.234489210968e-07
4 3 0 1.1944120076055e-07
4 3 0 1.0668831930327e-07
4 3 0 1.0312194923733e-07
4 3 0 1.0186820677039e-07
4 3 0 1.0007157484838e-07
4 3 0 9.6240706266017e-08
4 3 0 9.3105383233895e-08
4 3 0 8.7919863385143e-08
4 3 0 8.391241956689e-08
4 3 0 7.5438995220069e-08
4 3 0 7.4583072002357e-08
4 3 0 6.8321884051623e-08
4 3 0 6.8125427869468e-08
4 3 0 6.7900824574999e-08
4 3 0 6.4763920695745e-08
4 3 0 6.3634335173174e-08
4 3 0 6.3454257777779e-08
4 3 0 6.0653039946597e-08
4 3 0 5.4099915102438e-08
4 3 0 5.3723310012376e-08
4 3 0 5.3297797193721e-08
4 3 0 4.8635418488276e-08
4 3 0 4.6137946680456e-08
4 3 0 4.5895221530926e-08
4 3 0 4.5365541797428e-08
4 3 0 4.4525723000213e-08
4 3 0 4.2377499558996e-08
4 3 0 4.0370593680518e-08
4 3 0 3.9485337352449e-08
4 3 0 3.6227448311722e-08
4 3 0 3.3556245395515e-08
4 3 0 3.2730729005125e-08
4 3 0 3.2593125276065e-08
4 3 0 3.2358576218273e-08
4 3 0 3.0144401072586e-08
4 3 0 2.9318635219131e-08
4 3 0 2.829572641777e-08
4 3 0 2.804435540714e-08
4 3 0 2.7777826269809e-08
4 3 0 2.7510927903301e-08
4 3 0 2.3509416672847e-08
4 3 0 2.338961956567e-08
4 3 0 2.2010651091152e-08
4 3 0 2.1635866990764e-08
4 3 0 2.1124640203194e-08
4 3 0 1.8338104996755e-08
4 3 0 1.7297581199136e-08
4 3 0 1.7142204675424e-08
4 3 0 1.6161762366169e-08
4 3 0 1.5403010164451e-08
4 3 0 1.4534375562039e-08
4 3 0 1.3352701576504e-08
4 3 0 1.2642388782645e-08
4 3 0 1.1889634838425e-08
4 3 0 1.0911112506881e-08
4 3 0 1.000576260327e-08
4 3 0 9.6578101644816e-09
4 3 0 7.745514932279e-09
4 3 0 7.5051902027976e-09
4 3 0 6.8149047441803e-09
4 3 0 6.3317256171914e-09
4 3 0 6.3175046179444e-09
4 3 0 6.0342450872431e-09
4 3 0 5.4340433883451e-09
4 3 0 5.0870358384246e-09
4 3 0 4.7419001266634e-09
4 3 0 4.4217643765937e-09
4 3 0 4.0174624020111e-09
4 3 0 3.4941426840568e-09
4 3 0 3.3564763162091e-09
4 3 0 3.2172762369155e-09
4 3 0 2.7893913827536e-09
4 3 0 2.5556564543899e-09
4 3 0 2.4603817073808e-09
4 3 0 2.3784238522004e-09
4 3 0 2.304836374518e-09
4 3 0 1.9340481468759e-09
4 3 0 1.8192322838511e-09
4 3 0 1.6162071999949e-09
4 3 0 1.5953205128121e-09
4 3 0 1.415874019546e-09
4 3 0 1.3364128758257e-09
4 3 0 1.1731308119963e-09
4 3 0 1.1089879861546e-09
4 3 0 1.0097653489112e-09
4 3 0 8.9004704703842e-10
4 3 0 8.5068706191563e-10
4 3 0 8.2327958729017e-10
4 3 0 5.9452631260832e-10
4 3 0 1.5600137015107e-10
4 3 0 1.4910441397787e-10
4 3 0 1.4137965591511e-10
4 3 0 1.3206156042354e-10
4 3 0 1.2989100374978e-10
4 3 0 1.2724412690275e-10
4 3 0 1.1187083038005e-10
4 3 0 1.0364818921303e-10
4 3 0 8.9152303762689e-11
4 3 0 8.6548580823417e-11
4 3 0 8.06668034231e-11
4 3 0 7.4712118886513e-11
4 3 0 7.2284417839644e-11
4 3 0 6.9880414989909e-11
4 3 0 6.4513645923515e-11
4 3 0 6.0155528667067e-11
4 3 0 5.1492919534514e-11
4 3 0 5.0596308923864e-11
4 3 0 4.9144501147081e-11
4 3 0 4.7882103870687e-11
4 3 0 3.8019396240528e-11
4 3 0 3.7828299011081e-11
4 3 0 3.6978440809024e-11
4 3 0 3.661745614608e-11
4 3 0 3.5917584241218e-11
4 3 0 3.1949660772567e-11
4 3 0 2.8472033834549e-11
4 3 0 2.7384426553401e-11
4 3 0 2.6506551640932e-11
4 3 0 2.6486295574167e-11
4 3 0 2.325204150382e-11
4 3 0 1.9554136940845e-11
4 3 0 1.8947756340854e-11
4 3 0 1.8492109528188e-11
4 3 0 1.7369472386609e-11
4 3 0 1.6789107118004e-11
4 3 0 1.658536680004e-11
4 3 0 1.6269231079799e-11
4 3 0 1.4822110268793e-11
4 3 0 1.3675818700609e-11
4 3 0 1.3133992694011e-11
4 3 0 1.1559803937697e-11
4 3 0 1.048766963132e-11
4 3 0 1.0218543287111e-11
4 3 0 9.9930252711046e-12
4 3 0 8.8762600605033e-12
4 3 0 8.6704183998543e-12
4 3 0 6.3224284641392e-12
4 3 0 6.0924885792987e-12
4 3 0 5.8845301363875e-12
4 3 0 4.8271177920189e-12
4 3 0 3.6564045139139e-12
4 3 0 3.6288690888149e-12
4 3 0 3.1264601697757e-12
4 3 0 2.4279080495099e-12
4 3 0 2.3053385373748e-12
4 3 0 1.7861339116251e-12
4 3 0 1.5217593086707e-12
4 3 0 1.0712698914083e-12
4 3 0 9.9105779391506e-13
4 3 0 3.24101154421e-13
4 3 0 2.6593251351642e-13
4 3 0 2.1683756476259e-13
4 3 0 1.2292625724807e-13
4 3 0 7.8021051472447e-15
4 3 0 6.6919327704243e-15
4 3 0 6.2383999348124e-15
4 3 0 5.8068656378669e-15
4 3 1 0.0025212215786509
4 3 1 0.0024862054602051
4 3 1 0.0024862054602051
4 3 1 0.0024386411306599
4 3 1 0.0022323389674525
4 3 1 0.0022168417664374
4 3 1 0.0021824944999658
4 3 1 0.0021824944999658
4 3 1 0.0019586708991962
4 3 1 0.0019297076193313
4 3 1 0.0019297076193313
4 3 1 0.0018841936031284
4 3 1 0.0016368185135275
4 3 1 0.0016340534940565
4 3 1 0.0016244771411804
4 3 1 0.0016244771411804
4 3 1 0.0015814876239138
4 3 1 0.0015770827054483
4 3 1 0.0015673846106766
4 3 1 0.0015673846106766
4 3 1 0.001438796364633
4 3 1 0.0014307248489407
4 3 1 0.0014307248489407
4 3 1 0.0014183245446988
4 3 1 0.0012610342709528
4 3 1 0.0012511252223422
4 3 1 0.0012511252223422
4 3 1 0.0012492161319589
4 3 1 0.0010916561300171
4 3 1 0.0010762389719708
4 3 1 0.0010762389719708
4 3 1 0.0010535163840812
4 3 1 0.00086032148496339
4 3 1 0.00084735981208539
4 3 1 0.00084735981208539
4 3 1 0.0008408830049338
4 3 1 0.00066547571010773
4 3 1 0.00064937384443706
4 3 1 0.00064937384443706
4 3 1 0.00063167222571716
4 3 1 1.8834400529454e-06
4 3 1 1.5758281044258e-06
4 3 1 1.5758281044254e-06
4 3 1 1.4848691899697e-06
4 3 1 1.1316283348499e-06
4 3 1 1.1316283348497e-06
4 3 1 1.0653104392718e-06
4 3 1 9.8686588587048e-07
4 3 1 9.7859590498593e-07
4 3 1 9.7859590498586e-07
4 3 1 9.3794447966823e-07
4 3 1 8.4012071678907e-07
4 3 1 7.1168582335777e-07
4 3 1 7.1168582335766e-07
4 3 1 6.6948640337365e-07
4 3 1 6.6341817277897e-07
4 3 1 4.6327629952601e-07
4 3 1 4.6327629952592e-07
4 3 1 4.6094231210472e-07
4 3 1 4.056280449617e-07
4 3 1 3.8898256720311e-07
4 3 1 3.8898256720306e-07
4 3 1 3.5663912995745e-07
4 3 1 3.3552308606548e-07
4 3 1 2.6929883575059e-07
4 3 1 2.6499006036009e-07
4 3 1 2.6499006036e-07
4 3 1 2.5411508262439e-07
4 3 1 2.3989879345926e-07
4 3 1 2.3036944040028e-07
4 3 1 2.0766661206905e-07
4 3 1 2.0766661206895e-07
4 3 1 1.9968974504792e-07
4 3 1 1.7254991233281e-07
4 3 1 1.6654354321397e-07
4 3 1 1.6654354321383e-07
4 3 1 1.6322497662753e-07
4 3 1 1.5584066978541e-07
4 3 1 1.4981557289925e-07
4 3 1 1.4981557289924e-07
4 3 1 1.387262276467e-07
4 3 1 1.3096012680503e-07
4 3 1 1.30065407751e-07
4 3 1 1.2341100076692e-07
4 3 1 1.234110007668e-07
4 3 1 1.1638366590291e-07
4 3 1 1.0755189922029e-07
4 3 1 1.0755189922024e-07
4 3 1 1.0421054205036e-07
4 3 1 1.0143244568727e-07
4 3 1 9.9033999795283e-08
4 3 1 9.9033999795255e-08
4 3 1 9.2802571028222e-08
4 3 1 8.4034474957076e-08
4 3 1 8.4034474956991e-08
4 3 1 8.1117699273664e-08
4 3 1 7.8935645395701e-08
4 3 1 7.1465827941675e-08
4 3 1 7.0615409323424e-08
4 3 1 6.7077693922596e-08
4 3 1 6.7077693922548e-08
4 3 1 6.4688602905459e-08
4 3 1 6.3402676708479e-08
4 3 1 6.3402676708434e-08
4 3 1 6.2275759728993e-08
4 3 1 5.9159336575265e-08
4 3 1 5.5958304498025e-08
4 3 1 5.5958304497937e-08
4 3 1 5.513027133003e-08
4 3 1 5.1576559919507e-08
4 3 1 4.8970381145749e-08
4 3 1 4.8970381145714e-08
4 3 1 4.3821518636453e-08
4 3 1 4.2303120511403e-08
4 3 1 4.2303120511299e-08
4 3 1 4.2293962267665e-08
4 3 1 3.6672799711993e-08
4 3 1 3.6559971647649e-08
4 3 1 3.6559971647585e-08
4 3 1 3.5455652849873e-08
4 3 1 3.2926065706798e-08
4 3 1 3.2926065706706e-08
4 3 1 3.0386524183361e-08
4 3 1 2.7916881160736e-08
4 3 1 2.6857726321708e-08
4 3 1 2.3781803721747e-08
4 3 1 2.3781803721691e-08
4 3 1 2.2050753853026e-08
4 3 1 1.973153317314e-08
4 3 1 1.9731533173012e-08
4 3 1 1.8229704438129e-08
4 3 1 1.5484631686606e-08
4 3 1 1.4700120523222e-08
4 3 1 1.4700120523115e-08
4 3 1 1.4431075633383e-08
4 3 1 1.3563491061087e-08
4 3 1 1.1509993079801e-08
4 3 1 1.1509993079786e-08
4 3 1 1.1205370307563e-08
4 3 1 7.9243548591448e-09
4 3 1 7.9032713093517e-09
4 3 1 6.9753380212382e-09
4 3 1 6.4257561538566e-09
4 3 1 6.4257561537622e-09
4 3 1 5.8707997657342e-09
4 3 1 5.267451673806e-09
4 3 1 4.9748082364455e-09
4 3 1 4.6929491578175e-09
4 3 1 4.6929491577144e-09
4 3 1 4.69154429987e-09
4 3 1 4.0307488088226e-09
4 3 1 4.0307488087436e-09
4 3 1 3.7326829678559e-09
4 3 1 3.0616840009201e-09
4 3 1 3.0616840008906e-09
4 3 1 2.7405294240608e-09
4 3 1 2.712917191235e-09
4 3 1 2.3817227317694e-09
4 3 1 2.1895459410518e-09
4 3 1 2.1895459410002e-09
4 3 1 1.572370140002e-09
4 3 1 1.5723701399627e-09
4 3 1 1.4996833756818e-09
4 3 1 1.3399884429404e-09
4 3 1 1.3399884428848e-09
4 3 1 1.265572933844e-09
4 3 1 1.2580014080878e-09
4 3 1 9.7146681331521e-10
4 3 1 7.9420739786133e-10
4 3 1 7.942073977579e-10
4 3 1 7.9119374929161e-10
4 3 1 6.4134747890972e-10
4 3 1 1.664823733067e-10
4 3 1 1.6648237325395e-10
4 3 1 1.5719049564483e-10
4 3 1 1.5326795947591e-10
4 3 1 1.3395101815673e-10
4 3 1 1.3395101807558e-10
4 3 1 1.3002567783169e-10
4 3 1 1.1351270559829e-10
4 3 1 1.0509715221235e-10
4 3 1 1.0509715212576e-10
4 3 1 9.6351317597253e-11
4 3 1 8.6320850788675e-11
4 3 1 7.8819590264777e-11
4 3 1 7.881959017502e-11
4 3 1 7.593735277706e-11
4 3 1 5.8990761365315e-11
4 3 1 5.8514931820757e-11
4 3 1 5.6708079996911e-11
4 3 1 5.6708079846121e-11
4 3 1 5.3054833986601e-11
4 3 1 5.2100754227455e-11
4 3 1 5.2100754164e-11
4 3 1 5.1183025878672e-11
4 3 1 4.2684048773617e-11
4 3 1 4.1459050835269e-11
4 3 1 3.5347651670147e-11
4 3 1 3.5115112317864e-11
4 3 1 3.5115112276028e-11
4 3 1 3.3750593158495e-11
4 3 1 3.1629077669991e-11
4 3 1 3.1629077594539e-11
4 3 1 3.1124859706903e-11
4 3 1 2.4669814240011e-11
4 3 1 2.4669814142306e-11
4 3 1 2.3022426679108e-11
4 3 1 2.236998410606e-11
4 3 1 1.974820445791e-11
4 3 1 1.7217525311924e-11
4 3 1 1.7217525247409e-11
4 3 1 1.7130484815559e-11
4 3 1 1.6323180221704e-11
4 3 1 1.1557000656081e-11
4 3 1 1.1557000640365e-11
4 3 1 1.1236224527755e-11
4 3 1 9.7719689933831e-12
4 3 1 8.6174099004682e-12
4 3 1 8.617409872991e-12
4 3 1 7.5973460936964e-12
4 3 1 5.9477293463675e-12
4 3 1 5.9477292670344e-12
4 3 1 4.525478612385e-12
4 3 1 4.3782695688803e-12
4 3 1 4.2406898096368e-12
4 3 1 4.2406897649146e-12
4 3 1 3.3438015076211e-12
4 3 1 3.1721803419093e-12
4 3 1 1.6644009700673e-12
4 3 1 1.6644009083371e-12
4 3 1 1.0320887352644e-12
4 3 1 9.2604517157778e-13
4 3 1 2.6666083924118e-13
4 3 1 2.6147379667051e-13
4 3 1 2.6147373591704e-13
4 3 1 2.0142121024484e-13
4 3 1 1.0479136148609e-14
4 3 1 8.975550033899e-15
4 3 1 8.9755029584112e-15
4 3 1 7.0810798674702e-15
4 3 2 0.0025424640419012
4 3 2 0.0025424640419012
4 3 2 0.0024791574465484
4 3 2 0.0024791574465484
4 3 2 0.0021734895302577
4 3 2 0.0021734895302576
4 3 2 0.0021562554279982
4 3 2 0.0021562554279982
4 3 2 0.001796833448059
4 3 2 0.001796833448059
4 3 2 0.0017859460350666
4 3 2 0.0017859460350666
4 3 2 0.0017391472834375
4 3 2 0.0017391472834375
4 3 2 0.0017181760993365
4 3 2 0.0017181760993365
4 3 2 0.0015710834358009
4 3 2 0.0015710834358009
4 3 2 0.0015622856005506
4 3 2 0.0015622856005506
4 3 2 0.0013624657787263
4 3 2 0.0013624657787263
4 3 2 0.00135850536389
4 3 2 0.00135850536389
4 3 2 0.001088257109411
4 3 2 0.001088257109411
4 3 2 0.0010818596254668
4 3 2 0.0010818596254668
4 3 2 0.00085428869491711
4 3 2 0.00085428869491711
4 3 2 0.0008278835687267
4 3 2 0.00082788356872669
4 3 2 0.00059243717892992
4 3 2 0.00059243717892992
4 3 2 0.000574634772778
4 3 2 0.00057463477277799
4 3 2 0.00057335499191029
4 3 2 0.00057335499191029
4 3 2 0.00056822999889226
4 3 2 0.00056822999889225
4 3 2 1.9810523077555e-06
4 3 2 1.9810523077552e-06
4 3 2 1.8286140355806e-06
4 3 2 1.8286140355801e-06
4 3 2 1.3398969950043e-06
4 3 2 1.3398969950041e-06
4 3 2 1.0138659353498e-06
4 3 2 1.0138659353497e-06
4 3 2 9.647189543764e-07
4 3 2 9.6471895437632e-07
4 3 2 7.763775251418e-07
4 3 2 7.7637752514173e-07
4 3 2 6.7523817936977e-07
4 3 2 6.7523817936966e-07
4 3 2 6.4282863848796e-07
4 3 2 6.4282863848783e-07
4 3 2 5.8953247592376e-07
4 3 2 5.895324759236e-07
4 3 2 5.475725414501e-07
4 3 2 5.4757254144992e-07
4 3 2 4.0041684720011e-07
4 3 2 4.0041684720003e-07
4 3 2 3.8640816115928e-07
4 3 2 3.8640816115923e-07
4 3 2 3.1359198620225e-07
4 3 2 3.1359198620216e-07
4 3 2 3.0192066382335e-07
4 3 2 3.0192066382321e-07
4 3 2 2.8209314295072e-07
4 3 2 2.8209314295063e-07
4 3 2 2.5529215095119e-07
4 3 2 2.5529215095111e-07
4 3 2 2.1998096464947e-07
4 3 2 2.1998096464943e-07
4 3 2 1.9105187995813e-07
4 3 2 1.910518799581e-07
4 3 2 1.6059950680815e-07
4 3 2 1.6059950680805e-07
4 3 2 1.4822050001827e-07
4 3 2 1.4822050001817e-07
4 3 2 1.3829825178637e-07
4 3 2 1.3829825178632e-07
4 3 2 1.3248935189894e-07
4 3 2 1.3248935189888e-07
4 3 2 1.1828486710647e-07
4 3 2 1.1828486710636e-07
4 3 2 1.1581014520807e-07
4 3 2 1.1581014520797e-07
4 3 2 1.0765279580289e-07
4 3 2 1.0765279580283e-07
4 3 2 9.4631911957253e-08
4 3 2 9.4631911957133e-08
4 3 2 8.6098892211525e-08
4 3 2 8.6098892211462e-08
4 3 2 8.2359464567178e-08
4 3 2 8.2359464567027e-08
4 3 2 7.7642179681981e-08
4 3 2 7.7642179681872e-08
4 3 2 7.333334348522e-08
4 3 2 7.3333343485138e-08
4 3 2 7.0375750624622e-08
4 3 2 7.0375750624572e-08
4 3 2 6.4912283955728e-08
4 3 2 6.4912283955682e-08
4 3 2 6.248783824202e-08
4 3 2 6.2487838241956e-08
4 3 2 5.8004460293675e-08
4 3 2 5.8004460293583e-08
4 3 2 5.1843948612252e-08
4 3 2 5.1843948612175e-08
4 3 2 4.3120328974435e-08
4 3 2 4.3120328974358e-08
4 3 2 4.308551659409e-08
4 3 2 4.3085516594044e-08
4 3 2 3.9022010780253e-08
4 3 2 3.9022010780193e-08
4 3 2 3.5621597445951e-08
4 3 2 3.5621597445898e-08
4 3 2 3.5418763185122e-08
4 3 2 3.5418763185039e-08
4 3 2 2.9171000423749e-08
4 3 2 2.9171000423702e-08
4 3 2 2.8905702627309e-08
4 3 2 2.8905702627259e-08
4 3 2 2.3932398963806e-08
4 3 2 2.393239896378e-08
4 3 2 2.3026912342021e-08
4 3 2 2.3026912341913e-08
4 3 2 2.1402405922087e-08
4 3 2 2.140240592198e-08
4 3 2 1.8533514619425e-08
4 3 2 1.8533514619324e-08
4 3 2 1.5593377480852e-08
4 3 2 1.5593377480746e-08
4 3 2 1.4860432237709e-08
4 3 2 1.4860432237647e-08
4 3 2 1.1729086779712e-08
4 3 2 1.1729086779647e-08
4 3 2 1.150414026059e-08
4 3 2 1.1504140260504e-08
4 3 2 9.3574004498565e-09
4 3 2 9.3574004497065e-09
4 3 2 7.835795650396e-09
4 3 2 7.835795650357e-09
4 3 2 7.1926852665082e-09
4 3 2 7.1926852664407e-09
4 3 2 5.5308306609578e-09
4 3 2 5.5308306608744e-09
4 3 2 5.2467787165705e-09
4 3 2 5.2467787165008e-09
4 3 2 4.0335205560082e-09
4 3 2 4.033520555974e-09
4 3 2 3.1239591552241e-09
4 3 2 3.1239591551711e-09
4 3 2 2.8199760764543e-09
4 3 2 2.819976076407e-09
4 3 2 2.5094233628446e-09
4 3 2 2.509423362778e-09
4 3 2 2.4781768738958e-09
4 3 2 2.4781768738654e-09
4 3 2 2.103041108033e-09
4 3 2 2.1030411079617e-09
4 3 2 1.7503157247298e-09
4 3 2 1.7503157246427e-09
4 3 2 1.5343214525963e-09
4 3 2 1.5343214525411e-09
4 3 2 1.1425312614685e-09
4 3 2 1.1425312613517e-09
4 3 2 7.934730361463e-10
4 3 2 7.934730360814e-10
4 3 2 7.052500231401e-10
4 3 2 7.0525002307782e-10
4 3 2 1.6857565429939e-10
4 3 2 1.6857565423955e-10
4 3 2 1.4456312161711e-10
4 3 2 1.4456312159425e-10
4 3 2 1.2982151695824e-10
4 3 2 1.2982151687511e-10
4 3 2 1.0184363567665e-10
4 3 2 1.0184363559064e-10
4 3 2 9.765279693271e-11
4 3 2 9.76527968821e-11
4 3 2 8.5079670788445e-11
4 3 2 8.5079670735652e-11
4 3 2 7.3025302665343e-11
4 3 2 7.3025302505118e-11
4 3 2 6.8057726446294e-11
4 3 2 6.8057726365921e-11
4 3 2 5.771191819812e-11
4 3 2 5.7711918101728e-11
4 3 2 5.5656715373811e-11
4 3 2 5.5656715330391e-11
4 3 2 4.7880992884936e-11
4 3 2 4.7880992781633e-11
4 3 2 4.1661724236241e-11
4 3 2 4.1661724177536e-11
4 3 2 4.1549270278286e-11
4 3 2 4.1549270211338e-11
4 3 2 3.4579414908414e-11
4 3 2 3.4579414860661e-11
4 3 2 3.3093442634502e-11
4 3 2 3.3093442590938e-11
4 3 2 2.8957124898078e-11
4 3 2 2.8957124880019e-11
4 3 2 2.4625000522432e-11
4 3 2 2.4625000416317e-11
4 3 2 2.1474595704247e-11
4 3 2 2.147459556064e-11
4 3 2 1.9497237804297e-11
4 3 2 1.949723772993e-11
4 3 2 1.2831432909472e-11
4 3 2 1.2831432847342e-11
4 3 2 1.2237339325794e-11
4 3 2 1.2237339275893e-11
4 3 2 1.0463092485823e-11
4 3 2 1.0463092361372e-11
4 3 2 8.1962919561301e-12
4 3 2 8.1962919312071e-12
4 3 2 7.4963509942566e-12
4 3 2 7.4963509357026e-12
4 3 2 6.6028626488059e-12
4 3 2 6.6028625704563e-12
4 3 2 6.139841847679e-12
4 3 2 6.139841752934e-12
4 3 2 5.0666981594907e-12
4 3 2 5.0666980920997e-12
4 3 2 5.0160017459354e-12
4 3 2 5.0160016696004e-12
4 3 2 1.6047742132248e-12
4 3 2 1.6047741139231e-12
4 3 2 1.2496302923151e-12
4 3 2 1.2496302536102e-12
4 3 2 3.3757459451862e-13
4 3 2 3.3757453242892e-13
4 3 2 2.7336549440674e-13
4 3 2 2.7336544384725e-13
4 3 2 9.1393237268836e-15
4 3 2 9.1392628504145e-15
4 3 2 8.838818307352e-15
4 3 2 8.8387357925854e-15
4 3 3 0.0025212215786509
4 3 3 0.0024862054602051
4 3 3 0.0024862054602051
4 3 3 0.0024386411306599
4 3 3 0.0022323389674525
4 3 3 0.0022168417664374
4 3 3 0.0021824944999659
4 3 3 0.0021824944999658
4 3 3 0.0019586708991962
4 3 3 0.0019297076193313
4 3 3 0.0019297076193313
4 3 3 0.0018841936031284
4 3 3 0.0016368185135275
4 3 3 0.0016340534940565
4 3 3 0.0016244771411805
4 3 3 0.0016244771411804
4 3 3 0.0015814876239138
4 3 3 0.0015770827054483
4 3 3 0.0015673846106766
4 3 3 0.0015673846106765
4 3 3 0.001438796364633
4 3 3 0.0014307248489407
4 3 3 0.0014307248489407
4 3 3 0.0014183245446988
4 3 3 0.0012610342709528
4 3 3 0.0012511252223422
4 3 3 0.0012511252223422
4 3 3 0.0012492161319589
4 3 3 0.0010916561300171
4 3 3 0.0010762389719708
4 3 3 0.0010762389719708
4 3 3 0.0010535163840813
4 3 3 0.00086032148496339
4 3 3 0.00084735981208539
4 3 3 0.00084735981208539
4 3 3 0.0008408830049338
4 3 3 0.00066547571010772
4 3 3 0.00064937384443706
4 3 3 0.00064937384443705
4 3 3 0.00063167222571716
4 3 3 1.8834400529457e-06
4 3 3 1.575828104426e-06
4 3 3 1.5758281044256e-06
4 3 3 1.4848691899698e-06
4 3 3 1.1316283348499e-06
4 3 3 1.1316283348498e-06
4 3 3 1.0653104392718e-06
4 3 3 9.8686588587064e-07
4 3 3 9.7859590498586e-07
4 3 3 9.7859590498577e-07
4 3 3 9.3794447966832e-07
4 3 3 8.4012071678908e-07
4 3 3 7.1168582335786e-07
4 3 3 7.1168582335777e-07
4 3 3 6.6948640337362e-07
4 3 3 6.6341817277892e-07
4 3 3 4.6327629952598e-07
4 3 3 4.6327629952595e-07
4 3 3 4.6094231210466e-07
4 3 3 4.0562804496164e-07
4 3 3 3.8898256720327e-07
4 3 3 3.8898256720304e-07
4 3 3 3.5663912995749e-07
4 3 3 3.3552308606545e-07
4 3 3 2.6929883575054e-07
4 3 3 2.6499006036005e-07
4 3 3 2.6499006035995e-07
4 3 3 2.5411508262433e-07
4 3 3 2.3989879345921e-07
4 3 3 2.3036944040025e-07
4 3 3 2.0766661206896e-07
4 3 3 2.0766661206885e-07
4 3 3 1.9968974504791e-07
4 3 3 1.7254991233279e-07
4 3 3 1.6654354321393e-07
4 3 3 1.6654354321389e-07
4 3 3 1.6322497662742e-07
4 3 3 1.5584066978542e-07
4 3 3 1.4981557289927e-07
4 3 3 1.4981557289913e-07
4 3 3 1.3872622764677e-07
4 3 3 1.3096012680495e-07
4 3 3 1.3006540775104e-07
4 3 3 1.2341100076692e-07
4 3 3 1.2341100076682e-07
4 3 3 1.1638366590295e-07
4 3 3 1.0755189922026e-07
4 3 3 1.075518992202e-07
4 3 3 1.0421054205033e-07
4 3 3 1.0143244568726e-07
4 3 3 9.9033999795315e-08
4 3 3 9.9033999795256e-08
4 3 3 9.2802571028296e-08
4 3 3 8.4034474957027e-08
4 3 3 8.4034474956927e-08
4 3 3 8.1117699273616e-08
4 3 3 7.8935645395686e-08
4 3 3 7.1465827941657e-08
4 3 3 7.0615409323461e-08
4 3 3 6.7077693922564e-08
4 3 3 6.7077693922489e-08
4 3 3 6.4688602905465e-08
4 3 3 6.3402676708459e-08
4 3 3 6.3402676708388e-08
4 3 3 6.2275759729058e-08
4 3 3 5.9159336575254e-08
4 3 3 5.5958304498002e-08
4 3 3 5.5958304497939e-08
4 3 3 5.5130271330042e-08
4 3 3 5.1576559919507e-08
4 3 3 4.897038114574e-08
4 3 3 4.8970381145711e-08
4 3 3 4.3821518636536e-08
4 3 3 4.2303120511347e-08
4 3 3 4.2303120511297e-08
4 3 3 4.2293962267657e-08
4 3 3 3.6672799712017e-08
4 3 3 3.6559971647564e-08
4 3 3 3.6559971647506e-08
4 3 3 3.5455652849869e-08
4 3 3 3.2926065706852e-08
4 3 3 3.2926065706786e-08
4 3 3 3.0386524183367e-08
4 3 3 2.791688116072e-08
4 3 3 2.6857726321737e-08
4 3 3 2.3781803721741e-08
4 3 3 2.378180372164e-08
4 3 3 2.2050753852953e-08
4 3 3 1.9731533173119e-08
4 3 3 1.9731533172994e-08
4 3 3 1.8229704438075e-08
4 3 3 1.5484631686687e-08
4 3 3 1.4700120523194e-08
4 3 3 1.4700120523139e-08
4 3 3 1.4431075633362e-08
4 3 3 1.3563491061141e-08
4 3 3 1.150999307983e-08
4 3 3 1.1509993079702e-08
4 3 3 1.1205370307623e-08
4 3 3 7.9243548590932e-09
4 3 3 7.903271309369e-09
4 3 3 6.975338021243e-09
4 3 3 6.4257561537837e-09
4 3 3 6.425756153753e-09
4 3 3 5.8707997656464e-09
4 3 3 5.2674516737763e-09
4 3 3 4.9748082364515e-09
4 3 3 4.6929491577383e-09
4 3 3 4.6929491577037e-09
4 3 3 4.6915442997765e-09
4 3 3 4.0307488088162e-09
4 3 3 4.0307488087037e-09
4 3 3 3.7326829677734e-09
4 3 3 3.0616840010039e-09
4 3 3 3.0616840008957e-09
4 3 3 2.7405294240378e-09
4 3 3 2.7129171912573e-09
4 3 3 2.3817227317412e-09
4 3 3 2.1895459410533e-09
4 3 3 2.1895459409829e-09
4 3 3 1.5723701400665e-09
4 3 3 1.5723701399656e-09
4 3 3 1.4996833756586e-09
4 3 3 1.3399884429191e-09
4 3 3 1.3399884428402e-09
4 3 3 1.2655729338601e-09
4 3 3 1.2580014081025e-09
4 3 3 9.7146681327961e-10
4 3 3 7.9420739780493e-10
4 3 3 7.9420739769653e-10
4 3 3 7.9119374920625e-10
4 3 3 6.4134747897792e-10
4 3 3 1.66482373327e-10
4 3 3 1.6648237317639e-10
4 3 3 1.5719049570512e-10
4 3 3 1.5326795939435e-10
4 3 3 1.3395101815028e-10
4 3 3 1.3395101801333e-10
4 3 3 1.3002567773262e-10
4 3 3 1.1351270568716e-10
4 3 3 1.0509715221814e-10
4 3 3 1.0509715215275e-10
4 3 3 9.6351317691069e-11
4 3 3 8.6320850806409e-11
4 3 3 7.8819590296971e-11
4 3 3 7.8819590205222e-11
4 3 3 7.5937352696959e-11
4 3 3 5.8990761269832e-11
4 3 3 5.8514931822554e-11
4 3 3 5.6708079941041e-11
4 3 3 5.6708079816475e-11
4 3 3 5.3054834022113e-11
4 3 3 5.2100754243054e-11
4 3 3 5.2100754116301e-11
4 3 3 5.1183025882526e-11
4 3 3 4.2684048778461e-11
4 3 3 4.1459050786745e-11
4 3 3 3.534765163977e-11
4 3 3 3.5115112264755e-11
4 3 3 3.5115112242285e-11
4 3 3 3.3750593168774e-11
4 3 3 3.1629077644413e-11
4 3 3 3.1629077552706e-11
4 3 3 3.1124859655041e-11
4 3 3 2.466981420498e-11
4 3 3 2.4669814147096e-11
4 3 3 2.3022426745593e-11
4 3 3 2.2369984160712e-11
4 3 3 1.9748204450118e-11
4 3 3 1.7217525317613e-11
4 3 3 1.7217525237554e-11
4 3 3 1.7130484846389e-11
4 3 3 1.6323180143308e-11
4 3 3 1.1557000652111e-11
4 3 3 1.1557000612719e-11
4 3 3 1.1236224533457e-11
4 3 3 9.7719690044868e-12
4 3 3 8.6174098989591e-12
4 3 3 8.6174098110587e-12
4 3 3 7.5973461194151e-12
4 3 3 5.9477293271222e-12
4 3 3 5.9477292297622e-12
4 3 3 4.5254786130341e-12
4 3 3 4.3782695907019e-12
4 3 3 4.2406898101625e-12
4 3 3 4.2406897770612e-12
4 3 3 3.3438014850283e-12
4 3 3 3.1721802925256e-12
4 3 3 1.6644009597028e-12
4 3 3 1.6644009239334e-12
4 3 3 1.0320887456845e-12
4 3 3 9.260451050521e-13
4 3 3 2.6666086519126e-13
4 3 3 2.6147378909467e-13
4 3 3 2.6147369858794e-13
4 3 3 2.0142113039242e-13
4 3 3 1.0479089541045e-14
4 3 3 8.9755261702094e-15
4 3 3 8.9754965954437e-15
4 3 3 7.0811238638454e-15
