0.9992612173193037
0.0
0.0
0.0
-0.03843143706549174
0.0
0.0
0.0
0.00021025203799782946
0.0
0.0
0.0
-8.395146881296084e-07
0.0
0.0
0.0
2.931517123927727e-09
0.0
0.0
0.0
-9.41038829049289e-12
0.0
0.0
0.0
2.8360166785759423e-14
0.0
0.0
0.0
-8.116202170116025e-17
0.0
0.0
0.0
0.0
0.0
0.0
0.0
0.0
0.0
0.0
0.0
0.0
0.0
0.0
0.0
0.0
0.0
0.0
0.0
0.0
0.0
0.0
0.0
0.0
0.0
0.0
0.0
0.0
0.0
0.0
0.0
0.0
0.0
0.0
0.0
0.0
0.0
0.0
0.0
0.0
0.0
0.0
0.0
0.0
0.0
0.0
0.0
0.0
0.0
0.0
0.0
0.0
0.0
0.0
0.0
0.0
0.0
0.0
0.0
0.0
0.0
0.0
0.0
0.0
0.0
0.0
0.0
0.0
0.0
0.0
9.214426765025619e-107
