# eigenvalues
# kx ky  E
0 0 2.2396769197337e-06
0 0 0.00044450300574817
0 1 0.00044841928675369
0 1 0.00045489681393621
0 2 2.2396769197423e-06
0 2 0.0004445030055763
0 3 0.0004484192867269
0 3 0.0004548968148355
0 4 2.2396769197367e-06
0 4 0.00044450300472426
0 5 0.00044841928690747
0 5 0.00045489681357215
1 0 0.00044193173260603
1 0 0.00044841928808531
1 1 0.00043527911692768
1 1 0.00046440983677004
1 2 0.0004419317325765
1 2 0.0004484192889451
1 3 0.00043527911596212
1 3 0.00046440983609483
1 4 0.00044193173282508
1 4 0.00044841928849348
1 5 0.00043527911611105
1 5 0.00046440983747188
2 0 0.00044434312937419
2 0 0.00045866082501714
2 1 0.00044193173255788
2 1 0.00056546831389882
2 2 0.00044434312880169
2 2 0.00045866082509149
2 3 0.00044193173255948
2 3 0.00056546831321911
2 4 0.00044434312943595
2 4 0.00045866082655816
2 5 0.0004419317325574
2 5 0.00056546831420468
3 0 0.00044193173281878
3 0 0.00044841928860226
3 1 0.00043527911599844
3 1 0.0004644098371678
3 2 0.00044193173269446
3 2 0.00044841928936036
3 3 0.00043527911636926
3 3 0.00046440983564296
3 4 0.00044193173262042
3 4 0.00044841929026031
3 5 0.00043527911613073
3 5 0.00046440983671859
