# eigenvalues
# kx ky  E
0 0 0.00011486704046737
0 0 0.00011498957234714
0 1 0.0001434168746184
0 1 0.00014351118454386
0 2 0.00011488928068734
0 2 0.00011499808308507
0 3 0.00014342591870415
0 3 0.00014350075837111
0 4 0.00011485559807685
0 4 0.00011498386281323
0 5 0.00014343920382837
0 5 0.00014352870306229
1 0 0.00011491503850448
1 0 0.00011502430298897
1 1 0.00014343237430094
1 1 0.00014352832151377
1 2 0.00011492867927603
1 2 0.00011503794382212
1 3 0.00014342413797771
1 3 0.00014351703072303
1 4 0.00011490793635395
1 4 0.00011499579254619
1 5 0.00014342456191253
1 5 0.00014352083258228
2 0 0.00011491702779678
2 0 0.0001150229226981
2 1 0.00014341261515307
2 1 0.00014351212217066
2 2 0.00011491156884279
2 2 0.00011501871034343
2 3 0.00014341181248172
2 3 0.00014350127488357
2 4 0.0001149220635806
2 4 0.00011501353907394
2 5 0.00014343654072129
2 5 0.00014352590279228
3 0 0.00011492458078154
3 0 0.00011502777846264
3 1 0.00014342606904399
3 1 0.00014352703865522
3 2 0.00011490493367767
3 2 0.00011500229674201
3 3 0.00014344064478889
3 3 0.00014352701827855
3 4 0.00011490732623418
3 4 0.0001150166816079
3 5 0.00014341410300379
3 5 0.00014350833986492
