# eigenvalues
# kx ky  E
0 0 1.4120508720856e-05
0 0 0.012583273752263
0 1 0.012661784470119
0 1 0.012795441844468
0 2 0.012723139451246
0 2 0.015766708178119
0 3 0.012661784470401
0 3 0.012795441863565
1 0 0.012661784470242
1 0 0.01279544178335
1 1 0.012644913212971
1 1 0.012764761767258
1 2 0.012591396641359
1 2 0.014546864869188
1 3 0.012644913304764
1 3 0.012764761838936
2 0 0.012723139450728
2 0 0.015766708170158
2 1 0.01259139663919
2 1 0.014546864876737
2 2 0.012869933423262
2 2 0.022159664311544
2 3 0.012591396641933
2 3 0.014546864862566
3 0 0.012661784470095
3 0 0.012795441792248
3 1 0.012644913188659
3 1 0.012764761814506
3 2 0.012591396643759
3 2 0.014546864924205
3 3 0.012644913233655
3 3 0.012764761789941
