0.00100252673298
0.00100294641423
0.069172201938
0.0681692555238
0.00013435469748
0.000134354697484
0.0386140679006
0.0384797132031
3.1272988399e-05
3.12729884054e-05
0.0246662565268
0.0246349835384
9.84651626065e-06
9.84651628267e-06
0.0171196743444
0.0171098278281
3.76515700551e-06
3.76515700664e-06
0.0125751246073
0.0125713594503
1.6507946811e-06
1.65079468307e-06
0.00962700439372
0.00962535359903
8.01462958997e-07
8.01462960007e-07
0.00760623011082
0.00760542864786
4.21147642756e-07
4.21147643135e-07
0.00616093704703
0.00616051589939
