0.00864432228963
0.00864475837068
0.0733291067483
0.0646843483776
0.00107331334253
0.00107331334254
0.0393356587116
0.0382623453691
0.000229914472767
0.000229914472775
0.0248145887288
0.024584674256
6.90261455611e-05
6.90261519463e-05
0.0171678402446
0.0170988140927
2.56211317703e-05
2.56211317712e-05
0.0125930369302
0.0125674157984
1.10150542681e-05
1.10150542684e-05
0.00963424158633
0.00962322653206
5.27571178306e-06
5.27571178374e-06
0.00760944803696
0.00760417232517
2.74530478007e-06
2.74530478103e-06
0.00616246831274
0.00615972300796
1.52570385496e-06
1.52570385497e-06
0.00509240575738
0.00509088005353
8.94531804204e-07
8.94531804344e-07
0.00427877108554
0.00427787655373
