# eigenvalues
# kx ky  E
0 0 0.0035404176061463
0 0 0.0037365530815528
1 0 0.0036138681802178
1 0 0.0038888365634322
2 0 0.0037365529719597
2 0 0.0041195829267749
3 0 5.8150112819013e-05
3 0 0.0035404178701284
4 0 0.0037365530509388
4 0 0.0041195830245807
5 0 0.003613868197482
5 0 0.0038888366443606
6 0 0.0035404176090597
6 0 0.0037365530819398
7 0 0.0036138681789869
7 0 0.0038888365445483
8 0 0.0037365529626157
8 0 0.0041195830882642
9 0 5.8150112818945e-05
9 0 0.0035404177617295
10 0 0.0037365530127657
10 0 0.004119582910587
11 0 0.0036138681846974
11 0 0.0038888366555581
12 0 0.0035404176122177
12 0 0.0037365530147613
13 0 0.003613868179597
13 0 0.003888836557913
14 0 0.003736553002103
14 0 0.0041195828983041
15 0 5.8150112818574e-05
15 0 0.0035404177833482
16 0 0.003736553000674
16 0 0.004119582910203
17 0 0.003613868179374
17 0 0.003888836627685
